15.101000 25.278999 -11.672000
14.101000 24.190001 -11.496000
13.269000 24.511000 -10.248000
12.861000 25.671000 -10.051000
14.792000 22.806999 -11.375000
13.854000 21.594000 -11.530000
14.278000 20.409000 -10.652000
13.220000 19.304001 -10.681000
13.536000 18.165001 -9.780000
13.168000 23.520000 -9.360000
12.384000 23.577999 -8.135000
10.898000 23.763000 -8.453000
10.381000 24.864000 -8.738000
12.896000 24.607000 -7.120000
12.193000 24.464001 -5.767000
12.925000 25.129999 -4.622000
12.893000 26.385000 -4.553000
13.517000 24.389000 -3.794000
10.260000 22.608000 -8.521000
8.851000 22.500000 -8.785000
8.223000 23.004000 -7.496000
8.787000 22.809999 -6.424000
8.495000 21.007000 -9.003000
9.475000 20.370001 -9.995000
8.602000 20.285000 -7.766000
7.076000 23.656000 -7.576000
6.428000 24.136000 -6.361000
6.188000 22.993000 -5.351000
6.002000 23.229000 -4.157000
5.133000 24.862000 -6.699000
6.211000 21.754000 -5.825000
6.044000 20.615999 -4.932000
7.374000 20.413000 -4.202000
7.404000 19.969000 -3.063000
5.669000 19.367001 -5.714000
8.477000 20.733999 -4.869000
9.792000 20.612000 -4.258000
9.966000 21.750999 -3.240000
10.439000 21.503000 -2.116000
10.896000 20.667999 -5.329000
9.576000 22.980000 -3.624000
9.680000 24.152000 -2.742000
8.997000 23.789000 -1.452000
9.516000 24.076000 -0.385000
9.011000 25.393000 -3.333000
9.407000 26.731001 -2.671000
8.971000 27.910000 -3.564000
9.582000 29.275999 -3.176000
9.260000 30.389000 -4.162000
7.839000 23.142000 -1.551000
7.119000 22.691999 -0.368000
7.926000 21.635000 0.445000
8.112000 21.785999 1.656000
5.769000 22.118000 -0.771000
4.917000 21.688999 0.400000
4.148000 22.615999 1.101000
4.878000 20.358000 0.805000
3.339000 22.221001 2.205000
4.083000 19.950001 1.900000
3.311000 20.889999 2.599000
8.383000 20.566999 -0.212000
9.166000 19.517000 0.448000
10.339000 20.143000 1.219000
10.636000 19.738001 2.350000
9.691000 18.486000 -0.584000
8.613000 17.541000 -1.158000
9.105000 16.575001 -2.251000
10.238000 16.723000 -2.768000
8.323000 15.667000 -2.607000
10.970000 21.153999 0.616000
12.104000 21.841999 1.223000
11.671000 22.799000 2.311000
12.155000 22.737000 3.428000
12.893000 22.618999 0.167000
13.992000 23.504999 0.733000
14.663000 24.355000 -0.334000
13.804000 25.417999 -0.850000
13.920000 26.704000 -0.519000
14.851000 27.079000 0.334000
13.161000 27.634001 -1.094000
10.728000 23.667000 1.990000
10.272000 24.664000 2.940000
9.463000 24.211000 4.139000
9.419000 24.937000 5.124000
9.524000 25.799000 2.223000
10.288000 27.115000 2.139000
9.508000 28.207001 1.453000
10.165000 29.322001 1.150000
8.340000 28.047001 1.187000
8.804000 23.056000 4.101000
7.991000 22.687000 5.270000
7.985000 21.236000 5.772000
7.124000 20.896000 6.594000
6.509000 23.076000 5.085000
6.256000 24.372000 4.362000
6.275000 24.677999 3.040000
5.839000 25.516001 5.005000
5.610000 26.468000 4.117000
5.865000 25.986000 2.915000
8.908000 20.378000 5.335000
8.895000 18.978001 5.790000
10.061000 18.497000 6.660000
11.229000 18.712999 6.335000
8.764000 18.021999 4.589000
7.385000 17.972000 3.930000
6.088000 17.357000 5.032000
6.537000 15.637000 5.102000
9.748000 17.823999 7.760000
10.801000 17.275999 8.592000
10.324000 15.947000 9.120000
9.970000 15.836000 10.285000
11.163000 18.191999 9.755000
12.316000 17.641001 10.580000
13.249000 17.070000 9.985000
12.294000 17.753000 11.819000
10.362000 14.922000 8.283000
9.886000 13.614000 8.706000
10.750000 12.904000 9.770000
10.305000 11.943000 10.404000
9.705000 12.723000 7.474000
9.326000 13.482000 6.335000
11.965000 13.400000 9.994000
12.879000 12.782000 10.957000
12.602000 13.003000 12.445000
12.561000 12.038000 13.203000
14.319000 13.148000 10.635000
14.457000 14.549000 10.611000
12.499000 14.247000 12.901000
12.208000 14.451000 14.322000
10.705000 14.295000 14.382000
10.026000 14.670000 13.425000
12.551000 15.874000 14.817000
13.892000 16.339001 14.278000
11.542000 16.787001 14.374000
10.183000 13.712000 15.458000
8.729000 13.550000 15.597000
8.160000 14.741000 16.382999
6.942000 14.887000 16.549999
8.387000 12.235000 16.308001
6.980000 12.010000 16.323999
9.069000 15.598000 16.832001
8.746000 16.774000 17.606001
10.062000 17.521000 17.691000
11.129000 16.927999 17.528000
8.272000 16.371000 18.997000
9.975000 18.827000 17.914000
11.148000 19.688000 18.011999
11.954000 19.382999 19.270000
11.415000 19.358999 20.384001
10.733000 21.166000 17.993000
13.247000 19.149000 19.070999
14.156000 18.853001 20.164000
14.174000 19.990000 21.193001
13.633000 19.837999 22.290001
15.572000 18.613001 19.625999
15.554000 17.736000 18.514000
14.691000 21.153000 20.789000
14.837000 22.302000 21.687000
14.122000 23.589001 21.311001
13.311000 23.618999 20.393999
16.315001 22.632000 21.797001
16.836000 22.871000 20.503000
14.460000 24.660000 22.025999
13.902000 25.979000 21.750999
14.822000 26.632000 20.716999
14.603000 27.784000 20.306999
13.865000 26.844000 23.025000
15.172000 27.195999 23.469000
15.866000 25.892000 20.326000
16.851999 26.374001 19.358999
16.782000 25.673000 18.004000
17.681999 25.811001 17.176001
18.268000 26.237000 19.915001
19.236000 27.153000 19.221001
19.290001 28.395000 19.673000
19.898001 26.771000 18.260000
15.688000 24.957001 17.773001
15.448000 24.207001 16.532000
15.342000 25.068001 15.266000
16.122999 24.936001 14.313000
14.161000 23.406000 16.726999
13.625000 22.629999 15.546000
13.990000 21.288000 15.342000
12.642000 23.176001 14.715000
13.373000 20.499001 14.349000
12.016000 22.400999 13.722000
12.384000 21.065001 13.545000
11.746000 20.290001 12.588000
14.369000 25.966000 15.285000
14.103000 26.833000 14.163000
15.323000 27.577000 13.659000
15.629000 27.525000 12.473000
12.986000 27.811001 14.501000
11.368000 27.037001 14.775000
16.034000 28.254000 14.544000
17.207001 29.007999 14.129000
18.112000 28.257000 13.137000
18.674000 28.872000 12.215000
17.983000 29.461000 15.364000
17.181000 30.398001 16.219999
17.618000 31.643000 16.297001
16.146000 30.020000 16.767000
18.179001 26.931999 13.282000
18.992001 26.096001 12.408000
18.266001 25.750999 11.130000
18.782000 25.965000 10.036000
19.320999 24.805000 13.093000
19.811001 24.993999 14.467000
19.931999 23.674000 15.169000
19.958000 23.709000 16.497999
19.990999 22.617001 14.521000
17.083000 25.166000 11.268000
16.268999 24.788000 10.113000
16.091999 25.919001 9.096000
16.381001 25.750000 7.914000
14.901000 24.299999 10.578000
14.951000 22.990000 11.339000
15.545000 21.606001 10.318000
14.021000 21.003000 9.622000
15.674000 27.087000 9.567000
15.467000 28.232000 8.694000
16.715000 28.500000 7.892000
16.652000 28.962000 6.751000
15.103000 29.461000 9.510000
13.823000 29.298000 10.304000
12.372000 28.832001 9.346000
11.835000 30.413000 8.857000
17.837999 28.129000 8.480000
19.128000 28.313000 7.872000
19.427999 27.223000 6.888000
19.820000 27.490999 5.762000
20.195999 28.298000 8.938000
21.533001 28.704000 8.420000
22.629000 28.436001 9.428000
23.806999 29.368999 9.188000
24.118999 29.582001 7.730000
19.216999 25.983999 7.306000
19.500000 24.829000 6.453000
18.396999 24.504000 5.482000
18.243000 23.355000 5.071000
19.829000 23.579000 7.289000
18.740000 23.142000 8.081000
17.593000 25.499001 5.152000
16.507000 25.298000 4.224000
16.393999 26.573999 3.432000
15.389000 26.823000 2.784000
15.212000 24.966999 4.977000
15.201000 23.600000 5.686000
14.797000 22.502001 4.735000
15.115000 21.129000 5.156000
14.208000 20.219000 5.524000
12.922000 20.531000 5.563000
14.569000 18.954000 5.721000
17.434999 27.396999 3.529000
17.556999 28.673000 2.809000
16.431999 29.683001 2.969000
16.190001 30.518999 2.079000
17.770000 28.413000 1.318000
18.975000 27.558001 1.043000
19.601000 27.795000 -0.101000
19.344999 26.684999 1.843000
15.781000 29.646000 4.119000
14.685000 30.554001 4.372000
15.181000 31.898001 4.865000
14.456000 32.894001 4.834000
13.744000 29.914000 5.360000
13.425000 28.545000 4.784000
12.514000 27.787001 5.699000
12.854000 28.711000 3.395000
16.436001 31.923000 5.298000
17.049999 33.140999 5.778000
18.200001 33.519001 4.848000
19.174999 34.105000 5.286000
17.558001 32.945000 7.205000
16.386000 32.643002 8.131000
18.488001 31.851000 7.237000
18.062000 33.196999 3.561000
19.089001 33.480999 2.556000
19.146999 34.926998 2.066000
20.146000 35.602001 2.275000
18.920000 32.541000 1.375000
19.969999 32.699001 0.310000
19.614000 31.867001 -0.919000
18.239000 32.250000 -1.491000
17.934000 31.596001 -2.803000
18.101000 35.389999 1.387000
18.047001 36.775002 0.884000
17.639000 37.750999 1.994000
18.035000 38.935001 2.021000
17.020000 36.887001 -0.243000
17.200001 35.834999 -1.304000
18.260000 35.841000 -1.962000
16.277000 35.002998 -1.474000
16.733999 37.250999 2.830000
16.208000 37.969002 3.968000
15.645000 36.908001 4.919000
15.746000 35.723000 4.636000
15.165000 39.000999 3.520000
13.787000 38.491001 3.213000
12.847000 39.640999 2.821000
12.912000 40.792999 3.721000
13.650000 41.875999 3.486000
14.382000 41.959000 2.382000
13.681000 42.869999 4.365000
15.127000 37.307999 6.073000
14.601000 36.334999 7.020000
13.166000 36.048000 6.721000
12.358000 36.971001 6.670000
14.649000 36.879002 8.437000
16.195000 37.657001 8.920000
12.824000 34.783001 6.547000
11.430000 34.467999 6.297000
10.722000 34.776001 7.586000
11.131000 34.296001 8.647000
11.201000 32.994999 5.952000
9.748000 32.687000 5.553000
9.612000 31.316000 4.925000
8.171000 30.954000 4.571000
8.034000 29.544001 4.025000
9.690000 35.632999 7.524000
8.894000 36.035999 8.690000
8.325000 34.900002 9.550000
8.365000 34.978001 10.771000
7.815000 36.914001 8.063000
8.600000 37.639000 6.992000
9.377000 36.484001 6.360000
7.774000 33.858002 8.938000
7.228000 32.728001 9.698000
7.309000 31.483999 8.813000
7.324000 31.601000 7.602000
5.739000 32.917000 10.054000
5.347000 31.941000 11.146000
5.437000 34.346001 10.478000
7.369000 30.299999 9.404000
7.420000 29.042999 8.641000
7.072000 27.912001 9.611000
7.392000 27.982000 10.806000
8.815000 28.819000 8.016000
8.910000 27.535999 7.170000
10.031000 26.871000 7.261000
8.007000 27.181999 6.424000
6.373000 26.900000 9.115000
5.980000 25.789000 9.957000
6.506000 24.476999 9.397000
6.571000 24.271999 8.186000
4.448000 25.757000 10.128000
4.014000 24.530001 10.908000
4.011000 26.952999 10.804000
6.934000 23.604000 10.284000
7.451000 22.340000 9.843000
6.550000 21.274000 10.353000
6.118000 21.354000 11.497000
8.839000 22.141001 10.399000
9.872000 22.997999 9.742000
10.471000 22.593000 8.556000
10.268000 24.191999 10.320000
11.446000 23.360001 7.956000
11.257000 24.978001 9.727000
11.848000 24.563000 8.543000
6.248000 20.296000 9.502000
5.379000 19.169001 9.871000
6.242000 17.922001 10.152000
7.180000 17.618000 9.392000
4.292000 18.864000 8.786000
3.167000 18.051001 9.393000
3.725000 20.149000 8.227000
5.910000 17.218000 11.241000
6.659000 16.048000 11.694000
6.073000 14.675000 11.428000
6.343000 13.724000 12.170000
6.990000 16.188000 13.177000
7.928000 17.313999 13.475000
7.932000 18.233000 14.472000
8.993000 17.629000 12.661000
9.608000 18.698000 13.134000
8.983000 19.083000 14.233000
5.275000 14.565000 10.372000
4.690000 13.288000 10.008000
5.435000 12.834000 8.753000
6.276000 13.567000 8.214000
3.195000 13.437000 9.732000
2.402000 14.118000 10.851000
2.326000 13.311000 12.141000
1.799000 12.172000 12.118000
2.770000 13.838000 13.188000
5.188000 11.604000 8.329000
5.830000 11.081000 7.134000
5.202000 11.786000 5.928000
4.067000 12.249000 6.018000
5.616000 9.572000 7.069000
4.267000 9.253000 7.358000
5.918000 11.852000 4.804000
5.409000 12.524000 3.598000
4.099000 11.993000 3.009000
3.266000 12.780000 2.568000
6.469000 12.566000 2.499000
5.951000 13.144000 1.185000
5.597000 14.609000 1.377000
6.973000 12.964000 0.078000
3.931000 10.673000 2.965000
2.710000 10.074000 2.418000
1.523000 10.313000 3.335000
0.377000 10.363000 2.883000
2.900000 8.596000 2.190000
1.806000 10.424000 4.630000
0.776000 10.702000 5.617000
0.382000 12.187000 5.445000
-0.592000 12.643000 6.036000
1.302000 10.439000 7.039000
0.417000 9.490000 7.835000
0.236000 8.339000 7.380000
-0.082000 9.890000 8.917000
1.149000 12.929000 4.636000
0.885000 14.353000 4.356000
0.329000 14.597000 2.941000
-0.524000 15.475000 2.738000
2.152000 15.215000 4.526000
1.873000 16.643000 4.112000
2.618000 15.174000 5.965000
0.838000 13.841000 1.965000
0.394000 13.948000 0.573000
-1.054000 13.435000 0.443000
-1.746000 13.711000 -0.542000
1.346000 13.170000 -0.365000
2.776000 13.733000 -0.439000
3.691000 12.981000 -1.415000
4.420000 13.728000 -2.248000
3.762000 11.749000 -1.398000
-1.518000 12.732000 1.473000
-2.866000 12.189000 1.494000
-3.938000 13.213000 1.902000
-5.135000 12.918000 1.842000
-2.910000 10.983000 2.408000
-3.521000 14.416000 2.297000
-4.471000 15.452000 2.699000
-5.196000 16.031000 1.490000
-6.294000 16.556000 1.604000
-3.781000 16.573999 3.500000
-4.792000 17.600000 3.956000
-3.089000 15.991000 4.703000
-4.619000 15.832000 0.316000
-5.190000 16.330999 -0.927000
-6.481000 15.691000 -1.417000
-7.171000 16.233999 -2.287000
-4.130000 16.289000 -2.007000
-2.884000 17.525999 -1.582000
-6.780000 14.514000 -0.889000
-8.001000 13.802000 -1.237000
-8.870000 13.721000 0.028000
-9.732000 12.838000 0.167000
-7.667000 12.413000 -1.802000
-6.499000 11.872000 -1.198000
-8.605000 14.651000 0.950000
-9.329000 14.749000 2.209000
-10.295000 15.936000 2.192000
-10.754000 16.358000 1.119000
-8.357000 14.830000 3.393000
-7.728000 13.481000 3.727000
-6.899000 13.473000 5.017000
-5.951000 12.555000 5.084000
-7.121000 14.261000 5.945000
-10.609000 16.459000 3.374000
-11.529000 17.582001 3.518000
-11.182000 18.806000 2.668000
-10.099000 19.368000 2.812000
-11.612000 17.992001 4.990000
-12.599000 19.117001 5.245000
-12.967000 19.237000 6.705000
-14.086000 20.236000 6.867000
-14.838000 19.948000 8.097000
-12.093000 19.216999 1.784000
-11.859000 20.395000 0.940000
-12.342000 21.643999 1.694000
-13.475000 21.657000 2.179000
-12.586000 20.263000 -0.412000
-12.227000 21.386999 -1.395000
-11.026000 21.326000 -1.956000
-13.029000 22.288000 -1.651000
-11.455000 22.638000 1.862000
-11.761000 23.914000 2.546000
-11.229000 25.070999 1.717000
-10.354000 24.896999 0.877000
-11.106000 24.048000 3.959000
-11.540000 25.370001 4.640000
-11.493000 22.881001 4.843000
-11.789000 26.247999 1.945000
-11.361000 27.427000 1.235000
-10.191000 27.988001 2.009000
-10.228000 28.034000 3.248000
-12.480000 28.443001 1.177000
-9.149000 28.389000 1.281000
-7.964000 28.975000 1.898000
-8.261000 30.372000 2.458000
-9.336000 30.945000 2.249000
-6.789000 29.072001 0.915000
-6.733000 27.818001 -0.383000
-7.251000 30.947001 3.093000
-7.367000 32.252998 3.705000
-7.603000 33.334000 2.679000
-8.156000 34.383999 2.989000
-6.129000 32.530998 4.553000
-5.814000 31.357000 5.479000
-5.111000 31.770000 6.746000
-5.974000 31.457001 7.956000
-5.330000 31.999001 9.177000
-7.232000 33.057999 1.440000
-7.443000 34.026001 0.379000
-8.662000 33.742001 -0.510000
-8.782000 34.299999 -1.601000
-6.169000 34.261002 -0.442000
-5.437000 32.983002 -0.788000
-4.346000 33.120998 -1.520000
-5.826000 31.888000 -0.385000
-9.567000 32.882000 -0.035000
-10.788000 32.591000 -0.774000
-10.761000 31.611000 -1.930000
-11.775000 31.448000 -2.614000
-9.606000 31.020000 -2.208000
-9.526000 30.039000 -3.274000
-9.950000 28.719000 -2.697000
-9.793000 28.486000 -1.503000
-8.157000 30.004000 -3.895000
-8.059000 31.114000 -4.929000
-6.648000 31.374001 -5.422000
-5.896000 30.295000 -5.672000
-6.232000 32.543999 -5.585000
-10.491000 27.856001 -3.541000
-11.064000 26.601999 -3.071000
-10.283000 25.308001 -2.997000
-10.817000 24.288000 -2.527000
-12.356000 26.340000 -3.836000
-13.555000 26.915001 -3.060000
-12.250000 26.945000 -5.140000
-9.018000 25.336000 -3.396000
-8.242000 24.104000 -3.391000
-7.405000 23.796000 -2.175000
-6.344000 23.191999 -2.299000
-7.407000 23.969999 -4.670000
-6.489000 25.146999 -4.906000
-5.291000 24.856001 -5.383000
-6.861000 26.306999 -4.700000
-7.915000 24.122000 -0.993000
-7.169000 23.843000 0.223000
-7.816000 22.743999 1.064000
-8.837000 22.952999 1.707000
-6.950000 25.122999 1.039000
-5.673000 26.271000 0.396000
-7.204000 21.568001 1.048000
-7.693000 20.427000 1.785000
-7.112000 20.410000 3.188000
-5.913000 20.514000 3.351000
-7.300000 19.164000 1.040000
-7.912000 19.059000 -0.329000
-7.562000 19.941999 -1.339000
-8.863000 18.086000 -0.607000
-8.146000 19.864000 -2.600000
-9.461000 17.990000 -1.871000
-9.100000 18.884001 -2.867000
-9.693000 18.798000 -4.119000
-7.960000 20.329000 4.205000
-7.501000 20.284000 5.592000
-7.515000 18.839001 6.105000
-8.493000 18.118999 5.902000
-8.398000 21.139999 6.485000
-7.953000 21.174000 7.943000
-9.113000 21.181999 8.926000
-9.345000 20.047001 9.573000
-9.793000 22.191000 9.098000
-6.454000 18.438000 6.805000
-6.334000 17.084000 7.349000
-7.123000 16.849001 8.643000
-7.282000 17.756001 9.470000
-4.873000 16.764999 7.614000
-4.448000 17.382000 8.815000
-7.536000 15.604000 8.856000
-8.304000 15.239000 10.044000
-7.440000 15.067000 11.281000
-7.790000 15.544000 12.359000
-9.037000 13.928000 9.812000
-9.792000 13.850000 8.512000
-10.449000 14.965000 7.985000
-9.870000 12.649000 7.814000
-11.166000 14.874000 6.790000
-10.583000 12.547000 6.622000
-11.229000 13.656000 6.116000
-11.950000 13.531000 4.949000
-6.334000 14.346000 11.119000
-5.406000 14.055000 12.209000
-4.660000 15.264000 12.718000
-4.192000 16.080999 11.924000
-4.357000 13.033000 11.758000
-4.945000 11.809000 11.368000
-4.562000 15.387000 14.038000
-3.804000 16.482000 14.617000
-2.378000 15.994000 14.390000
-1.993000 14.920000 14.882000
-4.090000 16.698000 16.145000
-5.480000 17.302999 16.365999
-3.985000 15.454000 16.856001
-1.647000 16.707001 13.541000
-0.277000 16.339001 13.225000
0.681000 17.101999 14.071000
0.356000 18.190001 14.536000
0.014000 16.607000 11.764000
-0.807000 15.732000 10.854000
-0.204000 15.787000 9.189000
-1.722000 15.890000 8.301000
1.855000 16.514999 14.285000
2.890000 17.143000 15.095000
3.589000 18.176001 14.226000
4.212000 17.827999 13.218000
3.885000 16.100000 15.603000
4.619000 16.599001 16.711000
3.459000 19.443001 14.615000
4.028000 20.566000 13.872000
4.938000 21.424000 14.742000
5.147000 21.115000 15.917000
2.917000 21.493000 13.297000
2.270000 22.320999 14.415000
1.883000 20.673000 12.544000
1.228000 23.261000 13.942000
5.521000 22.459000 14.133000
6.400000 23.402000 14.820000
6.323000 24.775999 14.135000
6.560000 24.881001 12.931000
7.869000 22.936001 14.811000
8.650000 23.695000 15.848000
7.943000 21.541000 15.130000
5.948000 25.802999 14.900000
5.836000 27.177000 14.413000
7.122000 27.955000 14.653000
7.529000 28.191999 15.800000
4.692000 27.923000 15.117000
3.352000 27.735001 14.439000
3.208000 28.186001 13.285000
2.433000 27.164000 15.071000
7.785000 28.319000 13.573000
8.991000 29.101000 13.682000
8.533000 30.507999 13.452000
7.843000 30.775999 12.483000
9.990000 28.670000 12.640000
10.491000 26.957001 12.945000
8.925000 31.412001 14.338000
8.475000 32.798000 14.268000
9.580000 33.779999 14.640000
10.126000 33.740002 15.725000
7.266000 32.925999 15.213000
6.486000 34.229000 15.227000
4.948000 33.950001 15.296000
4.545000 32.887001 16.237000
3.731000 31.867001 15.934000
3.222000 31.747999 14.712000
3.412000 30.961000 16.857000
9.943000 34.627998 13.702000
10.979000 35.626999 13.921000
10.801000 36.320000 15.281000
9.669000 36.546001 15.731000
10.884000 36.672001 12.802000
12.214000 37.130001 12.195000
12.096000 38.414001 11.335000
10.967000 38.980999 11.176000
13.160000 38.858002 10.829000
11.917000 36.643002 15.931000
11.902000 37.351002 17.216999
12.163000 38.841999 17.004999
12.687000 39.250999 15.965000
12.989000 36.848999 18.174000
12.916000 35.314999 18.319000
14.284000 37.273998 17.705999
11.882000 39.645000 18.021000
12.100000 41.075001 17.900999
13.527000 41.458000 17.555000
13.748000 42.514999 16.959000
14.483000 40.599998 17.920000
15.920000 40.826000 17.666000
16.459999 40.208000 16.365999
17.658001 39.894001 16.253000
16.745001 40.300999 18.841999
16.701000 41.203999 19.938000
15.597000 40.160999 15.359000
15.916000 39.574001 14.079000
16.209999 40.605000 12.962000
15.456000 40.727001 12.009000
14.743000 38.655998 13.723000
15.093000 37.638000 12.817000
17.290001 41.366001 13.077000
17.589001 42.331001 12.026000
18.496000 41.691002 10.972000
19.714001 41.564999 11.174000
18.212000 43.617001 12.578000
18.466000 44.671001 11.487000
18.882000 46.019001 12.057000
19.219999 47.008999 10.951000
20.593000 46.797001 10.419000
17.888000 41.264999 9.862000
18.629999 40.625000 8.782000
19.804001 41.465000 8.354000
19.655001 42.660999 8.093000
17.756001 40.368000 7.570000
18.546000 39.757000 6.433000
18.771000 38.383999 6.386000
19.139000 40.561001 5.448000
19.573000 37.818001 5.398000
19.947001 40.004002 4.453000
20.163000 38.631001 4.441000
21.018000 38.066002 3.525000
20.943001 40.814999 8.081000
21.320999 39.387001 8.112000
21.187000 38.583000 9.388000
21.261000 37.348000 9.361000
22.784000 39.410999 7.687000
23.238001 40.713001 8.175000
22.115999 41.631001 7.758000
21.049999 39.264999 10.514000
20.936001 38.562000 11.781000
19.495001 38.146000 11.969000
18.652000 39.011002 12.291000
21.367001 39.469002 12.930000
22.841999 39.862999 12.852000
23.100000 41.181000 12.780000
23.743999 38.995998 12.878000
19.212000 36.853001 11.720000
17.853001 36.282001 11.842000
17.694000 35.444000 13.116000
18.577000 34.652000 13.447000
17.475000 35.415001 10.618000
17.514999 36.119999 8.932000
16.540001 35.549999 13.779000
16.290001 34.817001 15.026000
14.837000 34.359001 15.107000
13.935000 35.091999 14.704000
16.646999 35.691002 16.223000
14.617000 33.167999 15.665000
13.281000 32.584999 15.768000
12.886000 32.022999 17.141001
13.733000 31.603001 17.931000
13.129000 31.475000 14.715000
13.278000 31.948000 13.293000
14.536000 32.055000 12.699000
12.178000 32.369999 12.570000
14.690000 32.591000 11.415000
12.316000 32.905998 11.304000
13.571000 33.015999 10.732000
13.700000 33.590000 9.487000
11.590000 32.069000 17.427999
11.043000 31.525000 18.659000
10.371000 30.221001 18.249001
9.514000 30.184000 17.361000
10.021000 32.477001 19.322001
9.331000 31.908001 20.597000
8.430000 32.937000 21.302999
7.811000 32.367001 22.583000
7.107000 33.419998 23.365999
10.803000 29.138000 18.864000
10.240000 27.851000 18.559999
9.117000 27.472000 19.479000
9.214000 27.575001 20.716000
11.297000 26.804001 18.650999
10.722000 25.431999 18.275000
12.376000 27.186001 17.781000
8.027000 27.073999 18.851000
6.862000 26.622999 19.573000
6.456000 25.313000 18.927000
6.297000 25.237000 17.709999
5.698000 27.625000 19.487000
4.394000 26.910000 19.724001
5.865000 28.660999 20.474001
6.405000 24.257000 19.724001
5.992000 22.964001 19.212999
4.497000 22.886999 19.521000
4.018000 23.580999 20.427000
6.752000 21.858999 19.931999
7.482000 20.891001 19.017000
6.557000 19.976999 18.232000
6.992000 19.591999 17.042999
5.480000 19.604000 18.695000
3.757000 22.093000 18.749001
2.313000 21.929001 18.940001
1.765000 20.871000 17.986000
2.358000 20.598000 16.947001
1.586000 23.259001 18.725000
0.647000 20.259001 18.363001
-0.023000 19.224001 17.558001
-1.330000 19.872999 17.086000
-2.176000 20.235001 17.916000
-0.367000 17.978001 18.424999
0.667000 16.830000 18.309999
0.208000 15.663000 17.837000
1.835000 16.976000 18.695000
-1.507000 20.031000 15.777000
-2.724000 20.660000 15.263000
-3.093000 20.114000 13.899000
-2.328000 19.327000 13.315000
-2.550000 22.190001 15.183000
-2.719000 22.917000 16.510000
-2.366000 24.379000 16.402000
-2.842000 25.150999 17.625000
-2.637000 26.627001 17.476999
-4.307000 20.451000 13.451000
-4.772000 20.052999 12.130000
-4.013000 21.018999 11.235000
-3.751000 22.166000 11.634000
-6.265000 20.330999 11.937000
-7.171000 19.379999 12.649000
-7.244000 19.016001 13.950000
-8.195000 18.716000 12.007000
-8.863000 17.987000 12.882000
-8.305000 18.150000 14.067000
-3.660000 20.575001 10.036000
-2.933000 21.438000 9.106000
-3.604000 21.559000 7.732000
-3.827000 20.558001 7.050000
-1.440000 20.989000 8.937000
-1.340000 19.521000 8.513000
-0.688000 21.157000 10.238000
-0.997000 19.305000 7.040000
-4.020000 22.771000 7.374000
-4.641000 23.007999 6.074000
-3.503000 23.309999 5.099000
-2.533000 23.986000 5.447000
-5.618000 24.209999 6.062000
-6.188000 24.476999 7.458000
-6.738000 23.910999 5.092000
-6.818000 25.861000 7.630000
-3.601000 22.782000 3.889000
-2.580000 23.002001 2.888000
-3.277000 23.069000 1.546000
-4.421000 22.650999 1.443000
-1.560000 21.849001 2.893000
-1.096000 21.573999 4.305000
-2.168000 20.596001 2.311000
-2.607000 23.614000 0.533000
-3.175000 23.718000 -0.815000
-2.650000 22.601999 -1.697000
-1.511000 22.181999 -1.518000
-2.815000 25.028999 -1.418000
-3.446000 22.139000 -2.661000
-3.016000 21.061001 -3.569000
-3.169000 21.552999 -4.999000
-4.084000 22.323000 -5.293000
-3.851000 19.796000 -3.351000
-3.968000 19.235001 -1.616000
-2.287000 21.124001 -5.893000
-2.359000 21.594999 -7.273000
-1.931000 20.523001 -8.274000
-0.912000 19.853001 -8.083000
-1.469000 22.830000 -7.444000
-2.043000 23.983000 -8.267000
-0.993000 25.059000 -8.579000
-0.739000 25.938000 -7.727000
-0.409000 25.021999 -9.683000
-2.725000 20.375999 -9.335000
-2.441000 19.408001 -10.381000
-2.967000 18.000999 -10.152000
-3.972000 17.785999 -9.467000
-2.308000 17.052000 -10.803000
-2.621000 15.625000 -10.727000
-1.352000 14.986000 -11.335000
-1.057000 15.230000 -12.507000
-3.897000 15.275000 -11.546000
-5.175000 15.156000 -10.668000
-6.101000 16.106001 -10.821000
-5.325000 14.206000 -9.892000
-0.543000 14.239000 -10.535000
-0.670000 13.899000 -9.113000
-1.035000 15.092000 -8.234000
-0.347000 16.118999 -8.239000
0.718000 13.346000 -8.772000
1.608000 14.050000 -9.724000
0.818000 13.911000 -10.991000
-2.169000 14.962000 -7.546000
-2.681000 16.004000 -6.665000
-1.803000 16.076000 -5.422000
-2.125000 15.468000 -4.392000
-4.130000 15.692000 -6.270000
-4.993000 16.912001 -6.033000
-4.787000 18.084999 -6.753000
-6.040000 16.881001 -5.114000
-5.601000 19.195999 -6.572000
-6.860000 17.988001 -4.927000
-6.635000 19.143000 -5.661000
-7.455000 20.238001 -5.502000
-0.658000 16.750000 -5.561000
0.298000 16.934000 -4.466000
0.071000 18.302000 -3.823000
-0.619000 19.164000 -4.399000
1.784000 16.832001 -4.945000
2.117000 15.409000 -5.314000
2.047000 17.745001 -6.141000
0.561000 18.487000 -2.580000
0.416000 19.759001 -1.855000
1.532000 20.716000 -2.240000
2.693000 20.311001 -2.400000
0.497000 19.332001 -0.388000
1.446000 18.202999 -0.423000
1.076000 17.430000 -1.688000
1.190000 21.990999 -2.368000
2.173000 22.992001 -2.773000
2.244000 24.346001 -1.969000
2.798000 25.348000 -2.448000
2.022000 23.242001 -4.304000
2.199000 21.924999 -5.087000
0.657000 23.805000 -4.596000
1.712000 24.365999 -0.745000
1.752000 25.565001 0.099000
1.063000 25.327999 1.426000
-0.081000 24.882000 1.473000
1.104000 26.740000 -0.613000
0.674000 27.846001 0.296000
-0.562000 28.284000 0.640000
1.565000 28.702999 0.903000
0.899000 29.628000 1.577000
-0.394000 29.395000 1.432000
1.755000 25.664000 2.503000
1.229000 25.482000 3.853000
0.360000 26.688000 4.163000
0.849000 27.819000 4.136000
2.387000 25.384001 4.856000
1.950000 25.138000 6.270000
1.584000 26.204000 7.093000
1.837000 23.837999 6.763000
1.108000 25.976000 8.377000
1.360000 23.599001 8.055000
0.995000 24.664000 8.857000
-0.908000 26.448000 4.494000
-1.839000 27.544001 4.761000
-2.063000 27.906000 6.239000
-1.878000 29.076000 6.621000
-3.185000 27.275999 4.053000
-3.923000 28.563999 3.633000
-3.335000 29.367001 2.867000
-5.102000 28.750000 4.046000
-2.465000 26.931000 7.064000
-2.724000 27.202000 8.482000
-3.002000 25.964001 9.332000
-3.282000 24.885000 8.817000
-3.891000 28.215000 8.633000
-2.959000 26.152000 10.643000
-3.202000 25.087000 11.579000
-4.463000 25.417000 12.371000
-4.877000 26.580000 12.439000
-1.990000 24.965000 12.505000
-1.106000 26.076000 12.374000
-5.118000 24.379000 12.880000
-6.318000 24.525000 13.704000
-6.504000 23.259001 14.538000
-6.056000 23.274000 15.704000
-7.610000 24.844999 12.883000
-7.918000 26.350000 12.936000
-7.468000 24.374001 11.443000
-7.024000 22.254999 14.010000
4.527000 27.726999 1.263000
6.077000 29.495001 1.567000
3.833000 29.770000 2.036000
4.535000 29.645000 -0.155000
4.753000 29.145000 1.166000
3.808000 12.770000 16.566999
6.844000 30.743999 18.076000
13.833000 39.634998 6.865000
-4.731000 13.274000 -3.918000
8.110000 10.589000 11.897000
15.771000 33.853001 1.593000
21.162001 35.375999 6.583000
22.139999 28.136000 17.239000
10.042000 29.183001 23.080999
22.534000 44.020000 10.570000
-7.405000 34.969002 -4.096000
20.396000 37.020000 -0.721000
