-0.674827 3.405466 -1.038356
3.763526 3.085919 0.071225
3.755463 2.588793 -0.321815
3.714265 2.682359 -0.665406
-4.367429 -1.920141 0.017122
-0.206080 -1.853740 -0.252401
1.671537 -1.017122 1.041081
-4.403625 -1.892812 -0.005709
2.789589 1.678050 2.361006
1.168301 -1.398039 1.390445
1.562017 -2.443723 1.325946
4.348219 2.034750 -2.629848
1.274882 -2.693301 -0.091128
0.508946 -0.728616 -3.301854
1.225676 -2.670518 -0.104532
1.022754 -3.354829 0.821423
-0.599008 0.510963 -3.235055
1.129486 -0.847444 1.057272
1.274882 -2.693301 -0.091128
-2.103407 3.388285 -0.183781
-1.903755 3.133882 -0.447844
1.154135 -0.831111 1.054692
-1.974844 3.313662 1.073221
0.972545 -1.477434 2.155427
