71.727997 11.202000 118.985001
71.473999 11.002000 120.440002
71.348000 9.504000 120.753998
72.101997 8.694000 120.253998
70.158997 11.732000 120.714996
70.336998 13.227000 120.443001
68.778999 14.090000 120.766998
69.384003 15.771000 120.477997
70.427002 9.135000 121.606003
70.285004 7.695000 121.978996
71.600998 7.162000 122.549004
71.999001 6.045000 122.282997
69.929001 6.976000 120.678001
68.510002 7.358000 120.254997
68.235001 6.824000 118.848000
68.802002 5.715000 118.459000
67.488998 7.420000 118.096001
72.269997 7.951000 123.341003
73.554001 7.497000 123.945999
73.818001 8.284000 125.233002
73.056999 9.157000 125.598000
74.616997 7.808000 122.891998
75.625000 6.659000 122.822998
75.198997 5.518000 122.898003
76.805000 6.940000 122.689003
74.890999 8.000000 125.917999
75.179001 8.760000 127.167000
75.009003 10.259000 126.906998
75.498001 10.789000 125.929001
76.632004 8.433000 127.508003
77.043999 9.224000 128.613998
74.238998 10.926000 127.723000
73.945000 12.366000 127.466003
74.143997 13.186000 128.742996
74.817001 12.764000 129.662994
72.480003 12.400000 127.026001
72.333000 11.681000 125.682999
71.678001 11.751000 128.003006
73.660004 14.398000 128.761993
73.929001 15.287000 129.929001
72.677002 15.443000 130.802002
72.095001 16.507000 130.882004
74.325996 16.628000 129.313004
73.415001 16.954000 128.270996
72.351997 14.435000 131.567993
71.249001 14.575000 132.567001
71.796997 14.295000 133.964996
71.150002 13.689000 134.796997
70.207001 13.528000 132.169998
68.828003 14.182000 132.076004
68.771004 15.355000 131.748001
67.850998 13.497000 132.334000
73.044998 14.598000 134.156006
73.744003 14.214000 135.417999
73.177002 14.977000 136.623001
73.199997 14.488000 137.735992
75.200996 14.611000 135.177994
75.747002 13.854000 133.966003
77.012001 14.552000 133.462006
76.088997 12.419000 134.367996
72.878998 16.236000 136.449997
72.559998 17.091999 137.632004
71.304001 16.594000 138.356003
70.331001 16.219000 137.733002
72.320999 18.487000 137.054993
73.641998 19.059000 136.535004
71.768997 19.403000 138.149002
73.349998 20.195000 135.552002
71.376999 16.615999 139.662003
70.245003 16.181000 140.505997
69.266998 17.344000 140.697006
69.468002 18.422001 140.171997
70.911003 15.821000 141.828995
72.172997 16.632000 141.876999
72.525002 17.042000 140.464996
68.247002 17.162001 141.492996
67.306999 18.290001 141.761002
68.025002 19.393000 142.546997
68.581001 19.142000 143.597000
66.182999 17.681000 142.602005
67.990997 20.580999 142.007004
68.652000 21.736000 142.664001
67.855003 22.188000 143.893005
66.666000 22.427000 143.811005
68.653999 22.809000 141.580994
67.516998 22.454000 140.675995
67.339996 20.959000 140.746994
68.543999 22.280001 144.998993
67.905998 22.698000 146.272003
67.667000 24.208000 146.315994
68.056999 24.944000 145.429993
68.918999 22.292999 147.332993
70.239998 22.263000 146.628998
69.974998 22.003000 145.167007
67.022003 24.665001 147.354996
66.732002 26.118000 147.498001
68.014000 26.900000 147.817001
67.977997 28.086000 148.074005
65.737000 26.179001 148.662994
66.480003 26.268999 150.000000
66.391998 27.700001 150.535995
65.834000 25.311001 151.005005
69.125999 26.219999 147.916000
70.383003 26.896999 148.348999
70.620003 28.171000 147.539993
71.165001 29.139000 148.033005
71.491997 25.878000 148.093994
72.753998 26.531000 148.156006
70.141998 28.209000 146.335007
70.255997 29.462000 145.533005
68.992996 30.297001 145.690994
68.515999 30.907000 144.755005
70.399002 29.024000 144.084000
69.099998 28.375000 143.606003
69.213997 28.046000 142.115005
68.460999 29.096001 141.296997
69.503998 30.073000 140.876007
68.334999 30.142000 146.792999
66.970001 30.719000 146.923004
66.700996 31.212000 148.352005
65.607002 31.052999 148.856003
66.047997 29.547001 146.585999
64.636002 30.059000 146.300995
66.587997 28.815001 145.352997
67.695000 31.812000 148.964996
67.517998 32.334999 150.335999
66.754997 33.664001 150.306000
66.387001 34.146999 149.255005
68.944000 32.522999 150.843002
69.785004 32.693001 149.615997
69.056000 32.047001 148.459000
66.427002 34.206001 151.449997
65.586998 35.439999 151.468994
66.111000 36.436001 152.514008
66.767998 36.066002 153.466995
64.168999 34.945999 151.809006
63.814999 35.247002 153.272003
63.174999 36.632999 153.369003
62.824001 34.196999 153.779007
65.912003 37.703999 152.276001
66.489998 38.743000 153.177994
65.891998 38.636002 154.582993
64.728996 38.332001 154.755005
66.108002 40.074001 152.533997
66.936996 41.201000 153.151001
68.421997 40.924999 152.910004
69.316002 41.591000 153.587997
68.773003 40.098000 152.089996
66.670998 38.933998 155.587006
66.148003 38.910999 156.979996
65.043999 39.952999 157.145996
64.296997 40.241001 156.233994
67.353996 39.257999 157.858002
68.433998 38.186001 157.695007
68.143997 37.008999 158.632004
66.966003 36.898998 159.184998
69.001999 36.180000 158.865005
64.908997 40.474998 158.326004
63.814999 41.459999 158.598007
64.255997 42.880001 158.218994
63.874001 43.842999 158.848007
63.542999 41.373001 160.106995
64.858002 41.248001 160.889008
65.944000 41.820000 160.440002
64.897003 40.618999 161.927994
65.070999 43.011002 157.205994
65.563004 44.361000 156.804993
64.386002 45.334999 156.651993
63.252998 44.921001 156.513000
66.250000 44.125000 155.460999
67.357002 45.131001 155.285004
67.050003 46.480000 155.074005
68.693001 44.716999 155.350006
68.080002 47.417000 154.925003
69.723000 45.653999 155.203995
69.417000 47.004002 154.992004
64.615997 46.612999 156.834000
63.463001 47.569000 156.867996
63.328999 48.305000 155.541000
64.280998 48.493000 154.811996
63.751999 48.596001 157.966995
64.773003 48.062000 158.962997
64.375999 46.660999 159.421997
65.257004 45.705002 159.354004
63.258999 46.437000 159.839996
62.151001 48.771000 155.266006
61.911999 49.555000 154.016998
62.521999 50.945999 154.134003
62.849998 51.577000 153.147995
60.387001 49.667000 153.865005
59.720001 49.804001 155.238007
59.652000 50.915001 155.735992
59.286999 48.792999 155.764999
62.439999 51.508999 155.296997
62.747002 52.958000 155.442993
64.213997 53.237000 155.108002
64.570000 54.334999 154.731003
62.449001 53.278999 156.910004
63.616001 52.821999 157.789993
63.594002 51.626999 158.313995
64.556000 53.562000 158.003006
65.068001 52.257999 155.229996
66.501999 52.491001 154.904007
66.905998 51.694000 153.664993
67.943001 51.922001 153.072998
67.263000 52.001999 156.132996
68.720001 51.756001 155.755005
69.532997 51.438999 157.011002
70.688004 50.842999 156.891998
69.114998 51.737999 158.112000
66.126999 50.720001 153.313004
66.492996 49.849998 152.160004
66.379997 50.618000 150.845993
66.982002 50.264999 149.852005
65.491997 48.696999 152.188995
65.872002 47.686001 151.136002
65.374001 47.805000 149.832001
66.733002 46.632999 151.462997
65.737000 46.868000 148.856003
67.096001 45.696999 150.488998
66.598000 45.813999 149.184998
65.502998 51.571999 150.800995
65.217003 52.263000 149.509995
66.488998 52.918999 148.959000
67.186996 53.623001 149.662003
64.167999 53.320999 149.854996
64.741997 54.307999 150.873993
64.713997 55.719002 150.283005
65.078003 55.900002 149.042999
64.351997 56.665001 150.955002
66.867996 52.583000 147.753006
68.178001 53.070999 147.227997
68.252998 52.907001 145.707993
67.254997 52.926998 145.018005
69.445000 52.839001 145.181000
69.617996 52.778000 143.697006
70.653000 51.712002 143.324005
71.829002 51.874001 143.576996
70.142998 54.160000 143.313004
70.514999 54.174000 141.828003
71.153000 55.519001 141.477005
71.582001 55.515999 140.009995
72.127998 56.881001 139.768005
70.236000 50.598999 142.772995
71.225998 49.514999 142.470001
71.658997 49.576000 141.009995
70.952003 50.075001 140.156998
70.516998 48.178001 142.690994
69.623001 48.206001 143.893997
68.544998 47.407001 144.063004
69.714996 49.026001 145.093994
68.655998 48.673000 145.960999
70.601997 50.030998 145.511002
67.972000 47.681999 145.291000
68.487999 49.292000 147.197006
70.433998 50.657001 146.751999
69.378998 50.285999 147.593994
72.745003 48.930000 140.703995
73.163002 48.783001 139.283997
72.833000 47.370998 138.794998
73.217003 46.390999 139.399994
74.667999 48.999001 139.322006
74.948997 50.469002 139.160995
74.214996 51.403000 139.903000
75.931000 50.901001 138.264008
74.467003 52.771999 139.750000
76.182999 52.270000 138.110001
75.453003 53.205002 138.854004
75.703003 54.554001 138.701996
72.065002 47.251999 137.748993
71.652000 45.896999 137.289993
72.866997 45.132999 136.759003
73.648003 45.660999 135.992996
70.638000 46.161999 136.182007
70.005997 44.840000 135.744003
69.552002 47.099998 136.718002
73.167000 44.008999 137.352997
74.487999 43.361000 137.078995
74.333000 41.910000 136.589996
75.286003 41.306999 136.136993
75.223999 43.410999 138.421997
76.584000 42.721001 138.298004
75.433998 44.872002 138.826996
73.135002 41.389999 136.531006
72.955002 40.040001 135.901001
71.464996 39.737999 135.720001
70.625000 40.416000 136.268997
71.123001 38.806000 134.856995
69.680000 38.587002 134.552994
69.415001 37.120998 134.173996
70.001999 36.591000 133.255997
69.405998 39.522999 133.371994
68.078003 39.162998 132.710007
68.281998 37.946999 131.809998
67.038002 38.840000 133.783997
68.530998 36.464001 134.873993
68.237999 35.035000 134.557007
66.762001 34.720001 134.835999
66.263000 34.997002 135.903000
69.139000 34.241001 135.505997
66.098999 34.021000 133.951996
64.712997 33.569000 134.274994
64.223000 32.578999 133.214996
64.862999 32.362999 132.203995
63.116001 31.933001 133.473007
62.602001 30.900000 132.520004
61.937000 31.565001 131.313995
61.827000 30.983999 130.253006
61.563000 30.113001 133.320999
60.366001 31.017000 133.626007
59.167000 30.500999 133.686996
60.521000 32.209000 133.806000
61.456001 32.762001 131.485001
60.751999 33.452000 130.367996
61.615002 34.598000 129.854004
61.127998 35.556999 129.287994
59.462002 33.983002 130.990005
62.882000 34.549999 130.141998
63.776001 35.680000 129.781006
64.480003 35.396999 128.451996
64.889999 34.286999 128.182007
64.786003 35.748001 130.921005
64.057999 36.067001 132.231995
65.820000 36.832001 130.619995
65.060997 36.563999 133.274002
64.570000 36.375000 127.594002
65.184998 36.133999 126.255997
66.653000 36.564999 126.250000
66.973999 37.682999 125.898003
64.377998 37.002998 125.292000
62.972000 36.424999 125.134003
62.063999 37.466999 124.478996
63.033001 35.178001 124.249001
67.554001 35.651001 126.485001
68.995003 35.986000 126.319000
69.491997 35.465000 124.968002
69.719002 34.284000 124.794998
69.706001 35.264000 127.463997
71.200996 35.584999 127.420998
72.001999 34.297001 127.625999
72.393997 33.879002 126.250999
72.610001 32.619999 125.975998
72.497002 31.711000 126.907997
72.943001 32.271000 124.764000
69.693001 36.337002 124.017998
70.209000 35.882999 122.695000
71.616997 36.426998 122.464996
71.878998 37.598999 122.650002
69.240997 36.452999 121.655998
67.957001 35.619999 121.637001
67.133003 35.981998 120.399002
67.638000 36.722000 119.570000
66.012001 35.509998 120.300003
72.505997 35.601002 121.992996
73.873001 36.089001 121.669998
73.780998 37.187000 120.608002
74.470001 38.185001 120.666000
74.611000 34.863998 121.125999
76.112000 35.152000 121.070999
76.474998 36.317001 121.098000
76.875999 34.202000 121.004997
72.917999 37.011002 119.646004
72.752998 38.043999 118.584000
72.280998 39.362000 119.190002
72.653000 40.432999 118.754997
71.689003 37.478001 117.649002
72.223000 36.216999 116.969002
71.151001 35.652000 116.032997
69.899002 35.301998 116.843002
68.927002 34.764999 115.848999
71.393997 39.283001 120.132004
70.803001 40.525002 120.711998
70.957001 40.529999 122.237000
70.041000 40.186001 122.958000
69.323997 40.484001 120.318001
68.693001 41.860001 120.542999
68.345001 42.152000 121.676003
68.566002 42.596001 119.579002
72.123001 40.928001 122.669998
72.427002 40.995998 124.123001
71.638000 42.131001 124.785004
71.313004 43.119999 124.156998
73.927002 41.285000 124.160004
74.223999 41.933998 122.847000
73.261002 41.351002 121.848000
71.306999 41.987999 126.040001
70.517998 43.051998 126.726997
71.456001 44.062000 127.392998
72.237999 43.717999 128.257004
69.695999 42.320000 127.790001
68.814003 43.328999 128.531998
68.023003 42.617001 129.632004
66.808998 42.206001 129.384995
68.514000 42.436001 130.727997
71.305000 45.320999 127.085999
72.101997 46.359001 127.802002
71.625999 46.451000 129.253006
70.445999 46.362000 129.531006
71.806000 47.667999 127.067001
72.245003 47.556000 125.605003
71.930000 48.867001 124.882004
72.306999 48.743000 123.403999
73.794998 48.727001 123.386002
72.524002 46.612000 130.184998
72.096001 46.681000 131.612000
71.519997 48.066002 131.917007
71.939003 49.058998 131.356995
73.369003 46.435001 132.427994
74.200996 47.720001 132.509003
75.511002 47.521000 133.742996
74.546997 47.986000 135.201996
70.635002 48.151001 132.865997
70.122002 49.485001 133.279007
70.196999 49.625000 134.794006
70.933998 48.924000 135.459000
68.667999 49.530998 132.809006
67.950996 48.278999 133.246994
67.447998 48.183998 134.550003
67.782997 47.216000 132.352005
66.777000 47.025002 134.959000
67.112999 46.056999 132.759995
66.610001 45.962002 134.063995
65.948997 44.820000 134.466995
69.467003 50.548000 135.339005
69.528000 50.764000 136.806000
68.121002 50.919998 137.378998
67.196999 51.316002 136.697006
70.333000 52.049000 136.981003
67.947998 50.618000 138.632996
66.596001 50.752998 139.242004
66.713997 51.243000 140.686005
67.542000 50.784000 141.447006
65.997002 49.348999 139.177994
64.774002 49.256001 140.093994
65.610001 49.064999 137.841003
65.918999 52.209000 141.046005
66.011002 52.785999 142.416000
64.782997 52.404999 143.238998
63.660000 52.523998 142.791000
66.070999 54.297001 142.197998
67.357002 54.643002 141.449997
66.063004 55.012001 143.550003
67.247002 56.049000 140.860992
64.991997 51.923000 144.432007
63.841000 51.498001 145.276001
63.514999 52.597000 146.285995
64.314003 52.932999 147.136002
64.329002 50.230999 145.977005
64.508003 49.146999 144.942993
65.671997 49.112999 144.162994
63.506001 48.187000 144.748993
65.834000 48.118999 143.190002
63.669998 47.189999 143.776993
64.834000 47.158001 142.996994
64.995003 46.178001 142.037003
62.370998 53.203999 146.151993
62.015999 54.334000 147.046005
60.755001 53.988998 147.832001
59.682999 53.853001 147.278000
61.761002 55.512001 146.104004
61.382999 56.750999 146.916000
61.130001 57.923000 145.964996
61.417000 57.777000 144.787994
60.648998 58.944000 146.427994
60.872002 53.841000 149.119003
59.674000 53.501999 149.932999
58.844002 54.762001 150.192001
59.344002 55.868000 150.160995
60.213001 52.921001 151.248001
59.132999 53.007000 152.326004
58.078999 51.931999 152.063004
59.761002 52.790001 153.703003
57.602001 54.585999 150.537994
56.749001 55.748001 150.908997
56.152000 55.505001 152.296997
56.064999 54.379002 152.744995
55.655998 55.791000 149.837997
54.659000 56.902000 150.164993
53.814999 57.216999 148.927002
53.040001 55.969002 148.498001
52.564999 56.270000 147.119003
55.806999 56.541000 153.014999
55.287998 56.352001 154.410004
53.973999 55.560001 154.419998
53.102001 55.797001 155.231995
55.057999 57.761002 154.940002
56.401001 58.407001 155.287994
56.167000 59.823002 155.817001
55.041000 60.283001 155.742996
57.118000 60.421001 156.292007
53.862000 54.583000 153.576004
52.655998 53.709999 153.576004
53.042999 52.299999 153.123001
52.562000 51.814999 152.117996
51.701000 54.354000 152.572006
52.312000 54.280998 151.171005
53.521000 54.405998 151.067993
51.561001 54.103001 150.227005
53.950001 51.667000 153.830994
54.438999 50.304001 153.432999
54.287998 50.078999 151.923004
53.643002 49.146000 151.487000
53.581001 49.304001 154.218002
52.118999 49.750000 154.225998
51.209999 48.526001 154.134995
50.207001 48.736000 152.998993
49.693001 47.376999 152.677994
54.926998 50.891998 151.125000
54.873001 50.689999 149.645996
56.116001 51.276001 148.988998
56.724998 52.201000 149.485001
53.619999 51.429001 149.179001
53.970001 52.354000 148.156998
56.483002 50.737000 147.871994
57.683998 51.238998 147.153000
57.287998 51.839001 145.811005
56.699001 51.175999 144.979996
58.561001 50.012001 146.904007
59.165001 49.515999 148.190994
60.243000 50.196999 148.766998
58.666000 48.355999 148.792999
60.824001 49.716999 149.945999
59.241001 47.879002 149.973999
60.321999 48.556999 150.550003
60.896000 48.077999 151.707993
57.866001 52.948002 145.477005
57.790001 53.387001 144.061005
59.154999 53.178001 143.408997
60.148998 53.720001 143.850006
57.428001 54.873001 144.104004
56.581001 55.230999 142.878998
57.165001 55.435001 141.727005
55.374001 55.325001 142.968994
59.243000 52.264000 142.487000
60.587002 51.877998 141.968002
60.873001 52.598000 140.651993
60.105000 52.535000 139.714996
60.508999 50.366001 141.744995
61.904999 49.819000 141.434998
59.966999 49.688000 143.007004
62.000000 53.251999 140.567001
62.375000 53.944000 139.309998
63.424000 53.131001 138.565994
64.518997 52.917999 139.039001
62.949001 55.293999 139.746002
63.860001 55.852001 138.649994
61.883999 56.201000 139.975998
63.125999 52.754002 137.371002
64.142998 52.044998 136.554001
64.792000 53.020000 135.576004
64.128998 53.678001 134.800995
63.379002 50.952000 135.809006
63.011002 49.930000 136.723999
66.084000 53.161999 135.658005
66.779999 54.150002 134.785995
67.310997 53.462002 133.528000
67.889000 52.396000 133.589996
67.933998 54.679001 135.634995
68.791000 55.627998 134.796997
67.373001 55.429001 136.843994
67.107002 54.054001 132.384003
67.591003 53.415001 131.128006
68.570999 54.341000 130.406006
68.730003 55.493999 130.751999
66.360001 53.154999 130.242004
65.070000 53.583000 130.945999
64.892998 55.092999 130.796005
63.882999 52.867001 130.298996
69.299004 53.801998 129.473999
70.367996 54.591000 128.796997
69.933998 54.999001 127.386002
69.582001 54.167000 126.570999
71.550003 53.626999 128.727997
72.647003 54.219002 127.876999
72.667000 53.977001 126.499001
73.646004 55.005001 128.464996
73.685997 54.520000 125.707001
74.666000 55.548000 127.672997
74.685997 55.305000 126.293999
70.160004 56.231998 127.031998
69.990997 56.646999 125.621002
71.370003 56.941002 125.038002
72.377998 56.757000 125.688004
69.142998 57.919998 125.667999
67.713997 57.570999 126.097000
66.875000 58.849998 126.153000
65.594002 58.444000 126.796997
64.549004 59.223999 126.725998
64.621002 60.361000 126.086998
63.429001 58.868000 127.294998
71.431000 57.305000 123.800003
72.760002 57.486000 123.149002
73.601997 58.488998 123.929001
74.738998 58.223000 124.265999
72.456001 58.006001 121.741997
71.919998 56.862999 120.876999
71.615997 57.383999 119.470001
71.077003 56.241001 118.606003
72.253998 55.748001 117.835999
72.990997 59.525002 124.405998
73.685997 60.398998 125.391998
72.702003 60.904999 126.445000
72.786003 62.033001 126.890999
74.252998 61.568001 124.584000
75.386002 61.077000 123.681000
75.985001 62.269001 122.928001
76.685997 61.778000 121.661003
76.046997 62.542000 120.552002
71.810997 60.070000 126.901001
70.883003 60.504002 127.972000
70.406998 59.314999 128.802994
70.184998 58.234001 128.300003
69.700996 61.160000 127.251999
70.133003 62.498001 126.649002
68.939003 63.137001 125.935997
69.356003 64.478996 125.323997
68.672997 65.515999 126.151001
70.123001 59.551998 130.046997
69.513000 58.490002 130.897003
68.110001 58.924999 131.337006
67.908997 60.035000 131.789001
70.448997 58.369999 132.100006
70.718002 56.625000 132.496994
67.125000 58.095001 131.123993
65.725998 58.507999 131.438995
65.160004 57.653000 132.574997
65.807999 56.751999 133.069000
64.945000 58.273998 130.145996
64.018997 59.464001 129.886002
62.943001 59.488998 130.462997
64.399002 60.327999 129.115005
63.992001 57.987000 133.054993
63.437000 57.258999 134.231995
62.035000 56.716000 133.934006
61.182999 57.414001 133.423004
63.377998 58.306999 135.341003
64.775002 58.794998 135.636993
65.311996 59.862000 134.904999
65.538002 58.175999 136.634003
66.610001 60.312000 135.173004
66.836998 58.625999 136.903000
67.373001 59.693001 136.171997
68.653000 60.134998 136.434998
61.745998 55.541000 134.421005
60.349998 55.020000 134.367996
60.063000 54.294998 135.682007
60.978001 53.859001 136.350998
60.323002 54.048000 133.188004
58.966000 54.063999 132.559006
58.541000 54.974998 131.653000
57.851002 53.147999 132.770996
56.769001 53.558998 131.955994
57.675999 52.011002 133.582001
57.238998 54.676998 131.294006
55.556999 52.868999 131.947006
56.456001 51.313000 133.574997
55.400002 51.742001 132.759003
58.852001 54.320000 136.162003
58.639000 53.803001 137.544998
57.622002 52.667000 137.591995
56.495998 52.800999 137.156998
58.159000 54.979000 138.403000
57.734001 56.171001 137.535004
59.299999 55.396999 139.322006
58.970001 56.848999 136.940002
57.941002 51.671001 138.369995
56.925999 50.650002 138.753006
56.844002 50.589001 140.279999
57.782001 50.931000 140.964996
57.441002 49.324001 138.188995
57.219002 49.279999 136.673996
57.811001 47.983002 136.113998
57.334000 47.912998 134.703995
57.770000 46.970001 133.912994
58.639999 46.099998 134.348999
57.335999 46.896000 132.684006
55.713001 50.243999 140.824005
55.576000 50.269001 142.309006
55.730999 48.860001 142.884995
55.265999 47.890999 142.315002
54.174000 50.826000 142.559998
53.631001 50.313000 143.895996
54.230999 52.245998 142.584000
56.290001 48.764999 144.063995
56.387001 47.449001 144.763000
55.812000 47.599998 146.166000
55.985001 48.612000 146.798004
57.884998 47.131001 144.852997
58.441002 46.729000 143.503998
57.584999 46.334999 142.466003
59.827000 46.748001 143.296005
58.113998 45.962002 141.225998
60.355999 46.374001 142.054993
59.500000 45.981998 141.018997
55.132999 46.618999 146.666000
54.568001 46.757999 148.035004
54.716000 45.438000 148.791000
54.472000 44.384998 148.244995
53.102001 47.118999 147.806000
52.474998 46.120998 146.832993
52.353001 47.087002 149.136993
55.126999 45.535999 150.024994
55.334999 44.320000 150.850006
54.021999 43.570000 151.070007
52.966999 44.158001 151.201996
55.895000 44.867001 152.160004
55.426998 46.285000 152.203995
55.423000 46.761002 150.774994
54.074001 42.269001 151.007004
52.827999 41.462002 151.098999
52.216999 41.625000 152.483994
51.443001 42.526001 152.740005
52.620998 40.792999 153.391006
52.138000 40.911999 154.796997
53.285999 41.366001 155.690002
53.095001 41.903000 156.763000
51.681999 39.502998 155.177994
50.493000 38.903000 153.953995
54.474998 41.076000 155.272003
55.667000 41.382999 156.089996
56.851002 41.701000 155.184006
56.750000 41.625999 153.975006
55.929001 40.115002 156.895996
55.397999 38.886002 156.151993
55.941002 37.617001 156.809998
57.075001 37.118000 156.399002
55.330002 37.074001 157.709000
57.936001 42.051998 155.802994
59.154999 42.394001 155.044998
59.808998 41.130001 154.490997
59.789001 40.084000 155.108002
60.041000 43.075001 156.078003
59.573002 42.561001 157.406006
58.129002 42.146999 157.251999
60.275002 41.188000 153.274994
60.791000 39.958000 152.617004
59.847000 39.563999 151.479996
60.241001 38.921001 150.528000
58.605000 39.965000 151.559006
57.651001 39.632999 150.462006
56.962002 40.896999 149.951996
56.417999 41.667000 150.716995
56.629002 38.688000 151.091995
55.582001 38.305000 150.044006
54.554001 37.361000 150.667999
54.784000 36.917999 151.781006
53.555000 37.091999 150.020004
56.948002 41.098000 148.662003
56.255001 42.292999 148.104996
55.483002 41.895000 146.843994
55.722000 40.862000 146.264999
57.363998 43.287998 147.748993
58.376999 43.368000 148.871002
59.226002 42.284000 149.134995
58.469002 44.530998 149.647995
60.160999 42.362000 150.173996
59.405998 44.606998 150.686996
60.250999 43.522999 150.949997
54.646000 42.754002 146.356995
53.965000 42.478001 145.061005
54.074001 43.695999 144.149994
54.514000 44.750999 144.559006
52.495998 42.183998 145.393005
52.124001 42.750999 146.766006
51.667999 42.771000 144.399994
53.707001 43.546001 142.910995
53.827000 44.683998 141.953995
52.451000 45.108002 141.447006
51.624001 44.284000 141.108002
54.659000 44.152000 140.787003
54.337002 44.962002 139.531006
55.574001 45.061001 138.638000
53.202000 44.266998 138.779007
52.262001 46.377998 141.238998
51.012001 46.831001 140.572998
49.837002 46.740002 141.535995
49.903999 47.165001 142.673004
48.812000 46.069000 141.115997
47.666000 45.787998 142.005005
47.032001 44.492001 141.537003
45.938999 44.479000 141.005005
46.702999 46.959000 141.826004
47.043999 48.066002 142.822998
46.210999 48.332001 143.791000
48.076000 48.699001 142.718002
47.825001 43.465000 141.481003
47.390999 42.244999 140.757996
46.042000 41.775002 141.294998
45.278999 41.127998 140.604996
48.483002 41.216999 141.037994
47.999001 39.827000 140.604996
48.825001 41.217999 142.529999
47.132000 39.199001 141.701996
45.686001 42.209000 142.470001
44.331001 41.916000 142.985001
43.290001 42.685001 142.164001
42.234001 42.178001 141.841003
44.356998 42.421001 144.425995
43.487000 41.521999 145.294006
43.490002 42.037998 146.733994
42.816002 41.007999 147.643997
41.386002 40.991001 147.222000
43.571999 43.924999 141.862000
42.598999 44.762001 141.106995
42.881001 44.714001 139.602005
42.323002 45.480999 138.841995
42.807999 46.180000 141.636993
42.257000 46.278999 142.942993
43.889999 43.995998 139.197006
44.363998 44.125000 137.791000
43.683998 43.098999 136.878998
43.323002 42.020000 137.304993
45.868999 43.875000 137.856995
46.598000 45.195999 137.785995
46.200001 46.261002 138.604996
47.662998 45.362000 136.891998
46.869999 47.488998 138.531998
48.331001 46.591000 136.817001
47.933998 47.654999 137.636993
48.592999 48.865002 137.565002
43.528000 43.495998 135.645004
42.876999 42.632000 134.628006
43.810001 41.529999 134.141006
43.625999 40.362999 134.427994
42.569000 43.599998 133.488007
43.544998 44.726002 133.639999
43.945000 44.787998 135.091003
44.722000 41.886002 133.298004
45.588001 40.862999 132.641998
46.832001 40.582001 133.485992
47.650002 39.752998 133.139008
46.915001 41.154999 134.651001
48.028000 40.789001 135.570999
47.508999 39.798000 136.617004
46.439999 39.980999 137.167007
48.460999 42.104000 136.222000
49.883999 41.966000 136.770004
50.743000 43.118000 136.246994
49.848999 42.015999 138.298004
48.117001 38.646999 136.707993
47.485001 37.551998 137.496994
48.119999 37.402000 138.886993
47.423000 37.247002 139.871002
47.706001 36.297001 136.649994
47.278999 35.058998 137.434006
46.933998 36.393002 135.460999
49.423000 37.393002 138.988007
50.051998 37.182999 140.322998
51.487000 37.698002 140.313004
52.348000 37.131001 139.677994
50.034000 35.671001 140.535995
48.820999 35.299999 141.177994
51.743000 38.790001 140.973007
53.118999 39.367001 140.951996
53.707001 39.382999 142.369003
53.346001 40.202999 143.188004
52.926998 40.792000 140.436005
53.967999 41.095001 139.386993
55.326000 41.125999 139.731995
53.575001 41.339001 138.065994
56.289001 41.403000 138.753006
54.539001 41.617001 137.087997
55.895000 41.648998 137.432007
56.845001 41.922001 136.468002
54.624001 38.499001 142.656998
55.243999 38.486000 144.014999
56.751999 38.731998 143.908005
57.418999 38.198002 143.044006
54.959000 37.085999 144.570999
55.382000 36.998001 146.044006
56.897999 36.813999 146.132996
54.980999 38.278000 146.787003
57.287998 39.549000 144.770996
58.744999 39.853001 144.723999
59.390999 39.492001 146.059998
58.903999 39.855000 147.113007
58.831001 41.359001 144.488998
60.265999 41.738998 144.121002
57.889000 41.748001 143.352005
60.520000 38.849998 146.026993
61.237000 38.551998 147.296005
62.743000 38.603001 147.063995
63.327999 37.674000 146.544006
60.808998 37.134998 147.682007
61.655998 36.655998 148.863007
61.346001 35.187000 149.160004
60.277000 35.223000 150.197006
59.691002 34.118999 150.574997
60.027000 32.978001 150.035004
58.768002 34.157001 151.496002
63.393002 39.644001 147.501007
64.869003 39.685001 147.348007
65.496002 38.541000 148.134995
65.027000 38.168999 149.192993
65.304001 41.049999 147.886002
66.511002 40.902000 148.817993
65.690002 41.925999 146.699997
66.496002 37.922001 147.585999
67.083000 36.737000 148.270004
68.032997 37.182999 149.382004
67.723999 37.077000 150.552994
67.822998 35.973000 147.167999
69.018997 35.230999 147.763000
66.864998 34.957001 146.542007
69.153999 37.740002 149.026993
70.084000 38.256001 150.065994
70.791000 39.506001 149.552994
71.307999 39.535000 148.451996
71.087997 37.129002 150.302994
71.933998 37.476002 151.393005
70.787003 40.554001 150.320007
71.424004 41.804001 149.848007
72.799004 41.973000 150.488998
72.991997 41.706001 151.658005
70.478996 42.918999 150.287003
69.139000 42.754002 149.570007
70.281998 42.844002 151.692001
73.697998 42.578999 149.776001
74.995003 42.959999 150.375000
75.274002 44.414001 150.018997
76.033997 44.713001 149.119995
76.027000 42.021000 149.751999
77.306000 42.048000 150.589996
78.444000 41.737999 150.031998
77.268997 42.354000 151.764999
74.438004 45.276001 150.511993
74.382004 46.674000 149.987000
75.771004 47.331001 149.901993
75.926003 48.355999 149.268005
73.501999 47.424999 150.990997
73.889000 47.035999 152.399994
75.166000 47.342999 152.884003
72.972000 46.366001 153.218002
75.527000 46.980999 154.188004
73.332001 46.002998 154.522003
74.609001 46.310001 155.007996
74.964996 45.952000 156.291000
76.801003 46.714001 150.417007
78.163002 47.282001 150.212006
78.802002 46.646000 148.979004
79.852997 47.055000 148.526001
78.945999 46.918999 151.473999
78.929001 45.403000 151.664001
79.630997 44.648998 150.863007
78.268997 44.897999 152.550003
78.156998 45.662998 148.417007
78.708000 45.014999 147.197006
77.578003 44.666000 146.218002
77.521004 45.176998 145.115997
79.392998 43.747002 147.707001
80.695000 43.521000 146.934006
81.710999 44.601002 147.315002
82.314003 45.273998 146.375000
81.963997 44.830002 148.481995
76.750000 43.716999 146.565002
75.718002 43.243000 145.595001
74.471001 42.713001 146.315002
74.519997 42.323002 147.464996
76.398003 42.111000 144.824005
76.462997 40.879002 145.686005
75.635002 39.789001 145.789001
77.488998 40.661999 146.593002
77.252998 39.481998 147.195999
76.136002 38.908001 146.742004
73.389999 42.573002 145.593994
72.175003 41.929001 146.167999
71.490997 41.063999 145.098007
71.675003 41.269001 143.914001
71.280998 43.095001 146.584000
70.744003 40.070000 145.498993
70.107002 39.167999 144.494995
68.581001 39.196999 144.613998
68.029999 39.202000 145.695999
70.653000 37.773998 144.817993
72.132004 37.703999 144.427002
72.791000 36.060001 144.804993
72.771004 36.205002 146.608994
67.899002 39.256001 143.496002
66.407997 39.344002 143.522003
65.774002 38.091000 142.914001
66.087997 37.708000 141.806000
66.073997 40.576000 142.671005
64.776001 40.351002 141.886002
65.889999 41.778000 143.585999
64.734001 37.602001 143.526993
63.910999 36.553001 142.862000
62.566002 37.146999 142.419998
61.699001 37.407001 143.229996
63.703999 35.480999 143.931000
62.757000 34.431999 143.408005
63.230999 33.417999 142.565994
61.401001 34.474998 143.761002
62.348999 32.448002 142.074005
60.520000 33.502998 143.270996
60.993999 32.490002 142.425995
62.397999 37.390999 141.145996
61.120998 38.008999 140.658997
60.175999 36.931000 140.104004
60.509998 36.219002 139.177002
61.541000 38.955002 139.531006
61.582001 40.376999 140.035004
60.452999 40.941002 140.641998
62.750000 41.134998 139.884995
60.493000 42.264000 141.100006
62.791000 42.458000 140.343994
61.661999 43.022999 140.951004
58.987000 36.831001 140.638000
58.016998 35.825001 140.112000
56.654999 36.478001 139.854996
56.126999 37.185001 140.692993
57.911999 34.770000 141.212997
56.980000 33.643002 140.761993
57.146000 32.445999 141.701004
56.806000 32.869999 143.130005
57.162998 31.694000 143.973007
56.084000 36.257000 138.699997
54.765999 36.883999 138.386993
54.040001 36.109001 137.283997
54.646999 35.422001 136.485992
55.106998 38.297001 137.917007
56.167999 38.229000 136.815002
57.561001 38.335999 137.440994
58.610001 38.526001 136.341003
59.306000 39.796001 136.690002
52.749001 36.273998 137.199997
51.967999 35.618999 136.113007
51.050999 36.640999 135.449005
50.382000 37.410000 136.110992
51.133999 34.535000 136.800003
50.172001 33.905998 135.785995
52.060001 33.455002 137.354996
50.882000 36.539001 134.167007
49.851002 37.369999 133.501999
48.598000 36.522999 133.304993
48.610001 35.339001 133.572006
50.459999 37.765999 132.158005
50.097000 39.106998 131.854996
47.500000 37.140999 132.957001
46.201000 36.409000 132.856995
46.412998 34.903000 132.720993
45.880001 34.116001 133.479004
45.542000 36.963001 131.597000
44.037998 36.716000 131.669006
43.410999 36.959000 130.294006
42.948002 35.944000 129.617004
43.341999 38.080002 129.832993
47.248001 34.507000 131.813004
47.581001 33.061001 131.684006
49.039001 32.866001 131.244995
49.349998 31.950001 130.511002
46.618999 32.526001 130.621994
46.778000 33.333000 129.332993
45.717999 33.819000 128.746994
47.877998 33.527000 128.856003
49.948002 33.653999 131.755005
51.388000 33.426998 131.429001
52.203999 33.306999 132.718002
51.978001 34.022999 133.673004
51.814999 34.659000 130.630997
50.960999 34.761002 129.367004
51.377998 35.988998 128.557007
50.338001 36.111000 127.498001
50.178001 37.238998 126.862000
50.957001 38.254002 127.119003
49.240002 37.348000 125.960999
53.115002 32.375000 132.776993
53.894001 32.187000 134.033005
55.389999 32.369999 133.764008
56.014999 31.566999 133.100006
53.597000 30.754000 134.472000
54.271999 30.483999 135.817993
53.977001 29.049999 136.259995
53.157001 28.410999 135.621002
54.580002 28.613001 137.225998
55.969002 33.415001 134.283997
57.426998 33.645000 134.072006
58.070000 34.183998 135.352005
57.453999 34.904999 136.110992
57.501999 34.682999 132.951004
56.606998 35.853001 133.279999
55.216999 35.720001 133.181000
57.167000 37.070999 133.684998
54.386002 36.806000 133.488007
56.335999 38.155998 133.990005
54.945999 38.022999 133.891998
54.127998 39.092999 134.195007
59.324001 33.891998 135.565994
60.019001 34.451000 136.757996
61.450001 34.848000 136.393997
62.033001 34.327000 135.460999
60.016998 33.330002 137.796997
60.891998 32.191002 137.328995
62.286999 32.326000 137.339996
60.307999 30.993000 136.899994
63.096001 31.263000 136.919998
61.118000 29.930000 136.477997
62.512001 30.066000 136.490005
61.990002 35.820999 137.076004
63.338001 36.320999 136.723999
64.161003 36.550999 137.992996
63.660999 37.016998 138.990005
63.069000 37.641998 136.005997
64.334000 38.491001 136.020996
64.079002 39.801998 135.276001
65.202003 40.794998 135.585999
65.540001 41.421001 134.274994
65.431000 36.282001 137.940994
66.296997 36.549000 139.119995
67.441002 37.476002 138.714005
68.063004 37.285000 137.688004
66.837997 35.181999 139.526993
65.669998 34.227001 139.779007
67.658997 35.324001 140.807999
66.129997 32.786999 139.544006
67.670998 38.530998 139.445007
68.721001 39.492001 138.996994
69.754997 39.743000 140.100006
69.464996 39.660000 141.278000
67.977997 40.785000 138.660004
68.591003 41.412998 137.408997
66.608002 40.493999 138.417999
70.913002 40.205002 139.718002
71.914001 40.653000 140.725006
72.380997 42.058998 140.358994
72.695999 42.333000 139.220001
73.073997 39.654999 140.632996
74.244003 40.146999 141.492996
73.898003 39.980999 142.973999
75.500000 39.330002 141.177002
72.371002 42.967999 141.289993
72.757004 44.365002 140.945007
73.707001 44.944000 141.992996
74.070000 44.292000 142.953003
71.450996 45.167000 140.869003
70.593002 44.946999 142.093994
71.087997 45.230000 143.375000
69.278000 44.484001 141.942001
70.269997 45.047001 144.496994
68.461998 44.305000 143.063995
68.956001 44.585999 144.341995
68.150002 44.410000 145.447998
74.195000 46.130001 141.761002
75.214996 46.700001 142.684006
74.716003 48.013000 143.281998
74.678001 49.040001 142.632004
74.382004 47.987000 144.535995
73.922997 49.220001 145.229004
75.117996 50.111000 145.576996
74.964996 51.183998 146.126999
73.227997 48.696999 146.485001
73.359001 49.709000 147.632996
72.313004 49.439999 148.731003
71.888000 48.014999 148.574997
70.733002 47.616001 149.037994
69.914001 48.471001 149.591003
70.393997 46.356998 148.936996
76.299004 49.706001 145.203995
77.487000 50.568001 145.457001
78.028999 51.110001 144.132996
77.596001 50.719002 143.067993
78.513000 49.650002 146.125000
77.865997 48.941002 147.315994
78.967003 48.687000 145.184998
78.982002 51.998001 144.188995
79.554001 52.554001 142.929993
80.366997 51.479000 142.209000
80.507004 51.494999 141.001999
80.472000 53.688999 143.384003
81.671997 53.095001 144.123993
82.537003 54.221001 144.690994
83.853996 53.632999 145.207001
84.094002 54.303001 146.514999
80.901001 50.539001 142.938995
81.697998 49.460999 142.294998
81.473999 48.132000 143.014999
81.203003 48.092999 144.199997
83.153999 49.904999 142.432999
83.516998 50.020000 143.916000
84.996002 50.386002 144.050995
85.806999 49.478001 144.117996
85.292000 51.569000 144.085999
81.654999 47.042000 142.328003
81.530998 45.720001 142.992996
82.877998 44.988998 142.912003
83.924004 45.604000 142.983994
80.444000 44.979000 142.210999
79.455002 44.341000 143.190994
78.082001 44.227001 142.529007
79.947998 42.945999 143.587006
82.872002 43.695000 142.740005
84.166000 42.959000 142.634995
84.289001 42.305000 141.255997
83.314003 41.875999 140.675003
84.094002 41.893002 143.727997
83.634003 42.535999 145.037003
83.167999 40.887001 143.343994
85.481003 42.207001 140.733002
85.650002 41.562000 139.399994
85.383003 40.062000 139.516998
84.998001 39.410000 138.565994
87.100998 41.830002 139.003006
87.970001 41.195000 139.931000
85.458000 39.544998 140.705994
85.072998 38.122002 140.932999
83.563004 37.967999 140.779999
83.056000 36.895000 140.520996
85.500000 37.812000 142.369995
85.300003 36.320000 142.654007
85.787003 35.999001 144.069000
86.281998 36.902000 144.723007
85.656998 34.855999 144.473999
82.846001 39.013000 141.056000
81.359001 38.924000 141.061996
80.858002 38.363998 139.723999
79.777000 37.818001 139.636002
80.873001 40.365002 141.281998
80.299004 40.943001 139.983994
78.872002 40.421001 139.791000
80.275002 42.471001 140.065002
81.627998 38.516998 138.681000
81.181999 38.014999 137.348999
81.185997 36.490002 137.341003
80.163002 35.863998 137.166000
82.213997 38.557999 136.360001
82.122002 40.084000 136.309998
83.167000 40.626999 135.332001
82.603996 40.591000 133.908997
82.572998 42.014000 133.470001
82.319000 35.889999 137.569000
82.383003 34.403000 137.612000
81.525002 33.877998 138.759003
80.889999 32.847000 138.662994
83.858002 34.073002 137.848007
84.667000 34.424999 136.597000
86.156998 34.234001 136.884003
86.630997 34.804001 137.852997
86.799004 33.525002 136.128006
81.570000 34.553001 139.862000
80.829002 34.085999 141.067993
79.320999 34.050999 140.798004
78.635002 33.133999 141.199997
81.169998 35.113998 142.151993
80.100998 35.098000 143.244995
78.918999 35.583000 142.981995
80.341003 34.640999 144.343994
78.796997 35.025002 140.106003
77.334999 35.004002 139.813004
77.005997 33.821999 138.895996
76.011002 33.147999 139.070007
77.029999 36.332001 139.115005
75.535004 36.467999 138.947998
74.709999 36.534000 140.080994
74.968002 36.512001 137.667007
73.320999 36.646999 139.932999
73.578003 36.625000 137.518997
72.754997 36.692001 138.651993
77.848000 33.549999 137.934006
77.586998 32.396000 137.016998
77.771004 31.076000 137.772003
76.983002 30.160999 137.641998
78.622002 32.506001 135.886993
78.950996 33.985001 135.625000
78.060997 31.854000 134.619995
79.207001 34.241001 134.136993
78.862999 30.934000 138.475006
79.162003 29.629000 139.134003
78.105003 29.311001 140.192993
77.612000 28.204000 140.278000
80.532997 29.818001 139.785995
80.401001 30.681999 141.039993
81.789001 30.895000 141.643997
81.541000 31.533001 142.964005
82.544998 31.832001 143.740997
83.767998 31.587000 143.352997
82.329002 32.379002 144.906006
77.733002 30.281000 140.983002
76.690002 30.035000 142.016998
75.383003 29.625999 141.337006
74.847000 28.565001 141.584000
76.528999 31.378000 142.731003
76.094002 31.153000 144.160004
74.779999 30.757000 144.442993
77.005997 31.347000 145.207001
74.378998 30.555000 145.768997
76.602997 31.145000 146.533005
75.290001 30.747999 146.813995
74.897003 30.441999 140.440994
73.649002 30.091000 139.703995
73.837997 28.789000 138.917999
72.945000 27.971001 138.835999
73.418999 31.261000 138.746994
73.181999 32.442001 139.500000
74.981003 28.601000 138.315994
75.204002 27.363001 137.518997
75.134003 26.129000 138.419006
74.519997 25.139000 138.082001
76.602997 27.510000 136.921005
76.877998 26.333000 135.981995
78.209000 26.554001 135.261002
78.000999 27.525000 134.098007
76.960999 26.884001 133.246002
75.791000 26.165001 139.542999
75.795998 24.974001 140.438995
74.379997 24.639999 140.884995
73.996002 23.492001 140.985992
76.658997 25.372999 141.634003
78.025002 25.389000 141.242004
73.617996 25.639999 141.175003
72.231003 25.416000 141.649002
71.273003 25.364000 140.466003
70.355003 24.573000 140.425003
71.918999 26.632999 142.511993
72.813004 26.615999 143.744003
73.473999 27.986000 143.917007
71.964996 26.295000 144.979004
71.380997 26.323000 139.598007
70.362000 26.466000 138.520996
70.892998 25.903000 137.203003
70.242996 25.993999 136.184006
72.083000 25.362000 137.205002
72.678001 24.836000 135.932999
72.282997 25.754999 134.761993
71.914001 26.895000 134.968994
72.098999 23.417000 135.712997
71.651001 22.747999 137.020004
72.649002 23.028000 138.141006
70.269997 23.268999 137.401993
72.365997 25.231001 133.565994
72.000999 25.997999 132.363007
70.542999 25.705000 131.988007
70.252998 25.253000 130.897995
72.955002 25.437000 131.311996
73.314003 24.051001 131.785004
72.820000 23.893999 133.205002
69.657997 25.774000 132.945999
68.264999 25.290001 132.712997
67.600998 26.061001 131.578995
66.931999 25.500999 130.733002
67.531998 25.556000 134.026001
68.257004 24.843000 135.162994
67.566002 23.511000 135.459000
66.390999 23.395000 135.151993
68.222000 22.631001 135.988007
67.663002 27.350000 131.645996
66.907997 28.187000 130.664001
67.725998 29.423000 130.259003
68.847000 29.315001 129.804001
65.629997 28.591000 131.401001
64.588997 29.077999 130.391006
64.010002 28.214001 129.602005
64.300003 30.256001 130.317993
67.165001 30.594999 130.408005
67.893997 31.837999 130.020996
68.532997 32.463001 131.261002
68.203003 33.562000 131.660004
66.817001 32.755001 129.445007
66.150002 32.068001 128.283005
64.838997 31.733000 128.044998
66.860001 31.631001 127.176003
65.981003 31.063999 126.329002
64.735001 31.098000 126.809998
69.334999 31.705000 131.953995
69.864998 32.181999 133.263000
71.317001 32.648998 133.108994
72.244003 31.882999 133.285004
69.789001 30.952999 134.169998
68.334000 30.488001 134.272003
70.309998 31.306000 135.563995
68.283997 29.094000 134.904999
71.524002 33.877998 132.710007
72.919998 34.351002 132.464005
73.114998 35.792000 132.938995
72.186996 36.459000 133.334000
73.101997 34.258999 130.949997
74.567001 34.514999 130.591995
72.696999 32.861000 130.473007
74.310997 36.299000 132.817993
74.556000 37.727001 133.164001
75.089996 38.474998 131.927994
76.267998 38.737000 131.802002
75.580002 37.683998 134.315994
76.995003 37.708000 133.785004
77.483002 36.638000 133.024994
77.819000 38.810001 134.048996
78.792000 36.668999 132.529007
79.126999 38.842999 133.552994
79.614998 37.772999 132.792999
74.181000 38.799999 131.048996
74.535004 39.527000 129.809998
74.623001 41.021000 130.095001
74.190002 41.846001 129.313995
73.375999 39.224998 128.876007
72.211998 38.924000 129.772003
72.747002 38.519001 131.125000
75.035004 41.353001 131.272995
74.998001 42.775002 131.705994
76.416000 43.348999 131.787994
77.166000 43.028999 132.688004
74.339996 42.735001 133.085999
74.627998 44.033001 133.841003
72.827003 42.570000 132.919006
76.726997 44.187000 130.837997
78.060997 44.831001 130.792999
78.148003 45.909000 131.873001
77.369003 45.924000 132.800003
78.121002 45.439999 129.395004
76.694000 45.641998 128.992996
75.870003 44.612000 129.723007
79.066002 46.824001 131.753998
79.150002 47.914001 132.770996
78.385002 49.152000 132.272003
77.188004 49.255001 132.451004
80.643997 48.200001 132.929001
81.362000 46.904999 133.317993
80.851997 49.241001 134.031006
82.872002 47.097000 133.184006
79.025002 50.020000 131.531998
78.277000 51.146000 130.895996
77.406998 51.872002 131.925995
76.271004 52.210999 131.660995
77.403000 50.486000 129.826996
76.938004 51.543999 128.822998
76.339996 52.516998 129.253006
77.185997 51.362000 127.642998
77.941002 52.150002 133.082993
77.157997 52.889000 134.104004
76.745003 54.261002 133.561005
77.445999 54.858002 132.768005
78.120003 53.030998 135.279999
79.389000 53.758999 134.832993
80.428001 53.696999 135.953003
80.865997 54.806000 136.481995
80.846001 52.626999 136.352005
75.542000 54.681000 133.848007
75.010002 55.914001 133.195999
75.633003 57.169998 133.813004
75.489998 58.258999 133.292007
73.502998 55.883999 133.455002
72.624001 56.280998 131.921005
76.339996 57.034000 134.901993
76.981003 58.233002 135.516006
78.207001 58.643002 134.695999
78.757004 59.712002 134.873001
77.388000 57.813000 136.932007
78.589996 56.866001 136.867996
76.219002 57.105999 137.623001
79.734001 57.448002 137.701004
78.629997 57.804001 133.789993
79.797997 58.132999 132.949005
79.339996 58.764000 131.632004
80.138000 59.105999 130.783005
80.463997 56.785999 132.695999
81.134003 56.293999 133.979004
81.329002 57.104000 134.869995
81.439003 55.116001 134.050995
78.055000 58.910000 131.453003
77.539001 59.508999 130.190002
76.863998 60.847000 130.496002
75.646004 60.900002 130.438995
77.575996 61.793999 130.785004
