2.932398 -1.715230 0.233735
-0.758325 3.156242 0.542431
-1.318890 2.229786 -1.407436
1.667094 -0.841389 -3.052195
-4.617100 -2.171151 0.575771
-1.484632 1.001095 -2.589130
-3.481515 -2.461298 -1.360671
1.279754 -2.097897 -1.242387
4.613609 2.298522 1.058545
4.160568 1.627318 1.241841
-1.273375 2.393808 0.089979
-1.293853 2.204263 0.343624
-0.579329 0.121592 3.307646
1.065606 -1.660181 1.944295
0.812213 -1.406562 2.439085
1.898267 -1.683061 1.163609
3.684265 0.238266 -1.742220
3.158784 -1.234126 -1.546522
