69.510002 28.084000 105.133003
68.217003 27.455000 105.522003
67.022003 28.261000 105.028999
65.964996 28.280001 105.664001
68.143997 27.292999 107.042000
69.058998 26.231001 107.577003
70.432999 26.309000 107.372002
68.546997 25.145000 108.276001
71.281998 25.322001 107.852997
69.389999 24.152000 108.763000
70.760002 24.240999 108.550003
67.204002 28.927999 103.892998
66.148003 29.724001 103.278999
66.025002 29.282000 101.825996
67.025002 29.180000 101.111000
66.489998 31.215000 103.334999
66.819000 31.745001 104.725998
65.689003 31.554001 105.724998
64.560997 32.021999 105.452003
65.933998 30.941000 106.789001
64.801003 29.009001 101.393997
64.586998 28.577000 100.027000
63.299000 29.143000 99.478996
62.514999 29.743999 100.212997
63.077000 28.955000 98.184998
61.866001 29.459000 97.553001
61.098000 28.344999 96.866997
60.589001 28.518999 95.763000
62.209000 30.556000 96.542999
62.790001 31.792000 97.202003
62.091999 32.404999 98.039001
63.944000 32.146000 96.885002
61.023998 27.198000 97.535004
60.308998 26.042999 97.017998
59.229000 25.624001 98.002998
59.362999 25.841999 99.205002
61.264999 24.870001 96.811996
62.424000 25.021999 95.829002
63.154999 23.688999 95.725998
61.905998 25.455000 94.462997
58.151001 25.040001 97.488998
57.066002 24.556000 98.331001
56.854000 23.099001 97.945999
57.490002 22.610001 97.016998
55.782001 25.350000 98.091003
55.136002 25.113001 96.738998
53.726002 25.671000 96.710999
53.014999 25.309000 95.419998
51.602001 25.771999 95.433998
55.984001 22.398001 98.660004
55.724998 21.004999 98.327003
54.723000 20.990999 97.183998
53.827999 21.836000 97.125000
55.139000 20.242001 99.525002
56.070999 20.142000 100.708000
55.977001 20.820999 101.893997
57.243000 19.320999 100.809998
57.806000 19.554001 102.086998
57.873001 18.414000 99.945999
57.014000 20.472000 102.723999
58.972000 18.910000 102.521004
59.036999 17.774000 100.377998
59.571999 18.027000 101.653999
54.876999 20.039000 96.271004
53.950001 19.931999 95.157997
52.793999 18.982000 95.464996
51.848999 18.872999 94.686996
54.692001 19.528000 93.885002
55.383999 20.674000 93.213997
55.394001 21.997999 93.500999
56.183998 20.520000 92.102997
56.659000 21.697001 91.736000
56.195000 22.611000 92.568001
52.868000 18.292000 96.599998
51.782001 17.412001 97.007004
51.231998 17.948999 98.321999
51.905998 18.716999 99.005997
52.257000 15.966000 97.160004
53.453999 15.800000 98.041000
53.587002 15.230000 99.262001
54.715000 16.212999 97.671997
55.575001 15.901000 98.625000
54.916000 15.304000 99.599998
50.007999 17.566000 98.669998
49.394001 18.049000 99.900002
49.318001 17.040001 101.033997
49.119999 17.424000 102.183998
48.000999 18.597000 99.607002
48.014999 19.881001 98.843002
49.044998 20.642000 98.402000
46.862000 20.530001 98.452003
47.181999 21.636000 97.804001
48.500000 21.728001 97.760002
49.446999 15.757000 100.714996
49.417999 14.724000 101.741997
50.873001 14.489000 102.140999
51.563999 13.634000 101.584999
48.752998 13.442000 101.206001
49.339001 12.970000 99.874001
49.493999 11.652000 99.727997
49.627998 13.776000 98.982002
51.330002 15.287000 103.102997
52.709999 15.233000 103.577003
52.945000 14.179000 104.650002
52.081001 13.928000 105.484001
53.138000 16.617001 104.109001
52.997002 17.650000 102.987000
54.574001 16.568001 104.625999
53.451000 19.037001 103.357002
54.118999 13.560000 104.621002
54.441002 12.534000 105.598000
55.624001 12.925000 106.481003
56.501999 13.706000 106.081001
54.763000 11.172000 104.914001
53.591999 10.722000 104.042000
55.948002 11.294000 104.114998
55.639999 12.382000 107.693001
56.728001 12.671000 108.612000
57.109001 11.446000 109.418999
56.277000 10.594000 109.735001
56.374001 13.828000 109.560997
55.291000 13.533000 110.579002
53.949001 13.737000 110.277000
55.612999 13.088000 111.866997
52.952999 13.517000 111.227997
54.623001 12.866000 112.820999
53.296001 13.087000 112.495003
52.305000 12.912000 113.439003
58.387001 11.380000 109.745003
58.932999 10.288000 110.503998
59.679001 10.821000 111.720001
60.575001 11.645000 111.589996
59.875999 9.486000 109.602997
60.648998 8.390000 110.274002
60.186001 7.506000 111.204002
62.005001 8.019000 110.003998
62.299000 6.892000 110.806999
63.001999 8.525000 109.156998
61.172001 6.599000 111.529999
63.548000 6.262000 110.788002
64.244003 7.899000 109.139000
64.504997 6.776000 109.950996
59.283001 10.365000 112.903000
59.959999 10.754000 114.126999
61.037998 9.685000 114.249001
60.763000 8.564000 114.660004
59.008999 10.697000 115.341003
57.833000 11.649000 115.110001
59.757999 11.087000 116.609001
56.721001 11.500000 116.106003
62.258999 10.036000 113.862999
63.374001 9.102000 113.876999
63.858002 8.702000 115.269997
64.061996 7.519000 115.536003
64.540001 9.679000 113.065002
65.809998 8.849000 113.134003
67.005997 9.537000 112.491997
66.762001 10.235000 111.394997
68.140999 9.434000 112.977997
64.066002 9.681000 116.144997
64.514999 9.397000 117.503998
63.900002 10.386000 118.483002
63.237999 11.341000 118.068001
66.042000 9.423000 117.594002
66.630997 10.770000 117.241997
67.908997 10.774000 116.879997
65.957001 11.798000 117.309998
64.127998 10.163000 119.778999
63.539001 11.006000 120.821999
64.500999 11.716000 121.746002
65.681000 11.396000 121.807999
62.591999 10.166000 121.693001
61.389000 9.623000 120.957001
61.476002 8.467000 120.178001
60.172001 10.293000 121.008003
60.374001 8.000000 119.469002
59.077999 9.839000 120.306000
59.181999 8.698000 119.539001
58.084000 8.292000 118.836998
63.969002 12.693000 122.471001
64.741997 13.430000 123.459999
64.599998 12.640000 124.752998
63.646000 11.882000 124.919998
64.172997 14.826000 123.675003
64.731003 15.394000 124.844002
65.528999 12.821000 125.677002
65.459000 12.085000 126.925003
64.586998 12.788000 127.971001
64.153999 12.167000 128.938995
66.884003 11.859000 127.459000
67.799004 11.117000 126.463997
69.207001 10.871000 126.996002
69.330002 10.501000 128.182007
70.189003 11.031000 126.237000
64.301003 14.069000 127.750999
63.519001 14.870000 128.692993
62.028999 14.589000 128.820999
61.417000 14.946000 129.826004
63.657001 16.355000 128.367004
65.084000 16.774000 128.149002
65.992996 16.132000 128.718002
65.291000 17.760000 127.417000
61.425999 13.985000 127.807999
59.995998 13.736000 127.862000
59.625000 12.322000 127.446999
60.349998 11.668000 126.703003
59.273998 14.744000 126.963997
59.410000 16.228001 127.329002
58.952000 17.103001 126.184998
58.584000 16.513000 128.574005
58.493000 11.818000 127.952003
58.070000 10.464000 127.587997
57.738998 10.482000 126.092003
57.305000 11.511000 125.566002
56.827999 10.250000 128.447998
57.028999 11.174000 129.598999
57.590000 12.397000 128.962006
57.931000 9.358000 125.412003
57.660999 9.313000 123.977997
56.216999 9.633000 123.614998
55.960999 10.226000 122.574997
58.084000 7.961000 123.411003
59.563000 7.723000 123.627998
60.063999 6.476000 122.953003
61.506001 6.346000 123.137001
62.234001 5.347000 122.652000
61.648998 4.384000 121.948997
63.543999 5.314000 122.866997
55.273998 9.256000 124.470001
53.870998 9.552000 124.200996
53.641998 11.073000 124.225998
52.813999 11.601000 123.488998
52.980000 8.861000 125.237000
54.377998 11.774000 125.082001
54.244999 13.227000 125.175003
54.838001 13.900000 123.930000
54.277000 14.870000 123.400002
54.950001 13.777000 126.459000
54.999001 15.309000 126.443001
54.203999 13.303000 127.688004
55.969002 13.374000 123.469002
56.630001 13.916000 122.294998
55.780998 13.689000 121.043999
55.556999 14.616000 120.269997
58.035000 13.292000 122.121002
58.917000 13.705000 123.306999
58.657001 13.730000 120.789001
60.328999 13.165000 123.274002
55.298000 12.465000 120.849998
54.469002 12.168000 119.684998
53.317001 13.170000 119.601997
53.085999 13.784000 118.564003
53.890999 10.748000 119.764000
54.945999 9.662000 119.593002
56.089001 9.967000 119.188004
54.618999 8.484000 119.852997
52.612000 13.337000 120.716003
51.459999 14.232000 120.801003
51.785000 15.693000 120.526001
51.004002 16.396000 119.893997
50.812000 14.099000 122.181000
49.611000 15.003000 122.353996
48.584000 14.769000 121.692001
49.688000 15.953000 123.152000
52.935001 16.152000 121.008003
53.355999 17.535999 120.805000
53.576000 17.805000 119.319000
53.155998 18.837999 118.796997
54.647999 17.819000 121.585999
54.249001 16.877001 118.644997
54.500999 17.017000 117.216003
53.182999 16.988001 116.432999
52.980000 17.783001 115.515999
55.431000 15.901000 116.722000
56.867001 16.073000 117.146004
57.408001 17.340000 117.318001
57.685001 14.973000 117.341003
58.751999 17.507000 117.678001
59.032001 15.133000 117.700996
59.563999 16.396000 117.867996
52.289001 16.080000 116.815002
50.997002 15.940000 116.155998
50.174999 17.216999 116.280998
49.519001 17.642000 115.327003
50.235001 14.769000 116.750999
50.207001 17.826000 117.463997
49.465000 19.055000 117.686996
50.139000 20.214001 116.952003
49.478001 21.162001 116.535004
49.348999 19.353001 119.191002
48.421001 18.386999 119.930000
48.230999 18.747000 121.403999
49.470001 18.634001 122.167999
50.164001 19.671000 122.630997
49.731998 20.910000 122.416000
51.305000 19.471001 123.287003
51.452999 20.139999 116.787003
52.165001 21.198999 116.079002
51.763000 21.169001 114.592003
51.588001 22.214001 113.970001
53.687000 21.021000 116.247002
51.605000 19.968000 114.032997
51.193001 19.815001 112.632004
49.729000 20.209000 112.438004
49.366001 20.790001 111.414001
51.386002 18.367001 112.153999
52.791000 18.045000 111.744003
53.432999 18.797001 110.766998
53.472000 16.990000 112.325996
54.738998 18.503000 110.373001
54.780998 16.687000 111.939003
55.414001 17.448000 110.958000
48.889000 19.891001 113.419998
47.471001 20.224001 113.330002
47.245998 21.726999 113.195000
46.271999 22.153000 112.592003
46.730000 19.695000 114.542000
48.137001 22.533001 113.764000
47.995998 23.983000 113.667999
47.984001 24.422001 112.206001
47.188000 25.264999 111.796997
49.154999 24.698000 114.366997
49.259998 24.747999 115.893997
50.469002 25.598000 116.254997
48.000999 25.341999 116.513000
48.883999 23.841999 111.425003
49.013000 24.195999 110.026001
47.955002 23.570999 109.125999
47.418999 24.237000 108.244003
50.412998 23.830999 109.533997
51.513000 24.569000 110.249001
52.445000 24.037001 111.099998
51.827000 25.964001 110.138000
52.965000 26.202999 110.942001
51.258999 27.035999 109.434998
53.320000 25.011999 111.516998
53.548000 27.472000 111.058998
51.838001 28.297001 109.553001
52.972000 28.503000 110.359001
47.645000 22.299999 109.350998
46.647999 21.629999 108.530998
45.273998 22.219999 108.781998
44.340000 21.959000 108.030998
46.618000 20.127001 108.822998
46.132000 19.877001 110.124001
45.147999 23.021999 109.833000
43.863998 23.627001 110.151001
43.551998 24.843000 109.279999
42.393002 25.187000 109.091003
43.817001 24.013000 111.620003
44.578999 25.492001 108.745003
44.366001 26.670000 107.908997
44.764999 26.451000 106.455002
44.897999 27.405001 105.691002
45.144001 27.891001 108.456001
44.556999 28.320000 109.783997
46.617001 27.546000 108.623001
44.958000 25.195000 106.071999
45.339001 24.879000 104.703003
44.759998 23.530001 104.301003
44.171001 22.830999 105.125000
46.879002 24.805000 104.536003
47.537998 26.087000 105.021004
47.389999 23.686001 105.273003
44.903999 23.157000 103.016998
44.391998 21.875000 102.527000
45.400002 20.750000 102.767998
45.189999 19.618999 102.335999
44.174000 22.145000 101.042000
45.304001 23.059000 100.717003
45.298000 24.023001 101.887001
46.495998 21.075001 103.450996
47.539001 20.100000 103.752998
47.104000 19.115999 104.832001
46.290001 19.440001 105.693001
48.807999 20.805000 104.233002
49.491001 21.847000 103.342003
50.605999 22.524000 104.124001
50.042999 21.195999 102.097000
47.646000 17.908001 104.764000
47.362999 16.875000 105.751999
48.710999 16.294001 106.134003
49.669998 16.379000 105.360001
46.480999 15.746000 105.190002
45.088001 16.267000 104.862000
47.094002 15.203000 104.014000
48.790001 15.707000 107.322998
50.043999 15.139000 107.787003
49.863998 13.718000 108.286003
49.026001 13.441000 109.144997
50.630001 16.046000 108.870003
50.935001 17.434000 108.375000
52.108002 17.693001 107.676003
50.011002 18.461000 108.536003
52.356998 18.952000 107.139000
50.249001 19.725000 108.003998
51.423000 19.972000 107.304001
50.660000 12.819000 107.725998
50.595001 11.410000 108.070000
51.915001 10.939000 108.638000
52.984001 11.228000 108.089996
50.244999 10.569000 106.821999
50.277000 9.081000 107.135002
48.935001 10.931000 106.373001
51.830002 10.214000 109.745003
53.014999 9.679000 110.393997
53.362000 8.320000 109.802002
52.507999 7.442000 109.709999
52.779999 9.534000 111.899002
53.998001 9.010000 112.629997
53.757999 8.843000 114.112999
54.959000 8.340000 114.776001
55.013000 7.974000 116.051003
53.931000 8.058000 116.810997
56.146999 7.506000 116.559998
54.618000 8.156000 109.399002
55.091999 6.901000 108.822998
56.344002 6.469000 109.579002
56.841999 7.212000 110.424004
55.403000 7.059000 107.310997
54.146999 7.523000 106.572998
56.539001 8.045000 107.109001
56.859001 5.278000 109.281998
58.033001 4.791000 109.995003
59.270000 4.449000 109.169998
60.097000 3.640000 109.591003
57.633999 3.596000 110.862999
56.570000 3.952000 111.873001
55.230000 4.056000 111.498001
56.911999 4.261000 113.191002
54.256001 4.465000 112.410004
55.949001 4.670000 114.108002
54.625999 4.772000 113.711998
53.680000 5.193000 114.615997
59.414001 5.075000 108.010002
60.574001 4.816000 107.174004
61.230999 6.128000 106.765999
60.664001 7.200000 106.972000
60.166000 4.018000 105.932999
59.237999 4.737000 105.142998
62.425999 6.033000 106.186996
63.188000 7.198000 105.738998
62.536999 7.862000 104.528999
63.027000 8.879000 104.040001
64.612999 6.790000 105.349998
65.407997 6.045000 106.417999
64.757004 4.721000 106.796997
65.661003 3.839000 107.528000
65.274002 2.728000 108.144997
63.997002 2.372000 108.120003
66.161003 1.965000 108.777000
61.441002 7.282000 104.047997
60.738998 7.804000 102.875999
59.838001 9.008000 103.126999
59.349998 9.627000 102.181000
59.909000 6.695000 102.226997
60.765999 5.584000 101.665001
61.681000 5.891000 100.871002
60.525002 4.409000 102.013000
59.612000 9.337000 104.391998
58.768002 10.476000 104.737999
59.332001 11.776000 104.158997
60.528000 11.868000 103.859001
58.655998 10.591000 106.253998
58.467999 12.776000 103.996002
58.910000 14.070000 103.490997
59.618999 14.808000 104.609001
60.668999 15.387000 104.403000
57.731998 14.931000 103.032997
56.952999 14.302000 101.917999
57.577000 13.931000 100.906998
55.720001 14.185000 102.053001
59.030998 14.798000 105.797997
59.638000 15.496000 106.922997
60.198002 14.523000 107.949997
59.448002 13.831000 108.635002
58.612000 16.434999 107.598000
58.129002 17.476999 106.581001
59.241001 17.114000 108.817001
57.004002 18.367001 107.072998
61.521999 14.453000 108.031998
62.172001 13.577000 108.991997
62.581001 14.415000 110.199997
63.231998 15.456000 110.064003
63.410000 12.891000 108.390999
64.133003 12.076000 109.463997
62.984001 11.982000 107.242996
62.182999 13.943000 111.377998
62.445000 14.624000 112.633003
63.481998 13.906000 113.486000
63.442001 12.693000 113.648003
61.145000 14.735000 113.447998
60.077000 15.427000 112.602997
61.405998 15.473000 114.754997
58.685001 15.344000 113.169998
64.414001 14.656000 114.044998
65.406998 14.028000 114.889999
65.998001 14.991000 115.904999
66.009003 16.205999 115.694000
66.536003 13.443000 114.042999
67.428001 14.481000 113.408997
68.723000 13.890000 112.901001
68.907997 13.917000 111.591003
69.551003 13.411000 113.678001
66.482002 14.423000 117.004997
67.124001 15.180000 118.061996
68.611000 14.873000 117.953003
68.998001 13.728000 117.747002
66.612999 14.740000 119.444000
65.164001 15.056000 119.690002
64.156998 14.272000 119.130997
64.806999 16.148001 120.474998
62.817001 14.572000 119.351997
63.466000 16.458000 120.700996
62.471001 15.671000 120.140999
69.449997 15.889000 118.082001
70.878998 15.655000 118.005997
71.641998 16.629999 118.877998
71.083000 17.631001 119.323997
72.912003 16.332001 119.138000
73.755997 17.205000 119.949997
75.038002 17.489000 119.174004
75.653000 16.573999 118.614998
74.109001 16.559999 121.325996
72.844002 16.252001 122.083000
74.917999 15.292000 121.134003
75.427002 18.760000 119.139000
76.617996 19.184000 118.411003
76.547997 18.659000 116.973999
75.538002 18.843000 116.289001
77.867996 18.664000 119.111000
77.619003 18.006001 116.529999
77.698997 17.437000 115.189003
76.656998 16.340000 115.075996
76.667999 15.409000 115.874001
79.078003 16.815001 114.972000
80.209000 17.511000 115.722000
80.512001 18.892000 115.178001
81.378998 19.584000 115.757004
79.888000 19.284000 114.167000
75.767998 16.417999 114.092003
74.748001 15.385000 113.978996
74.391998 14.949000 112.570999
73.257004 14.536000 112.317001
73.473000 15.827000 114.688004
72.928001 17.118000 114.175003
72.023003 17.379000 113.203003
73.353996 18.341000 114.643997
72.734001 19.302000 113.982002
71.921997 18.743999 113.101997
75.341003 15.042000 111.647003
75.047997 14.601000 110.296997
75.221001 15.634000 109.212997
76.066002 15.481000 108.339996
74.399002 16.674000 109.239998
74.512001 17.721001 108.241997
75.734001 18.551001 108.586998
76.570000 18.132000 109.389000
73.266998 18.600000 108.231003
72.828003 19.006001 109.616997
73.683998 19.393999 110.439003
71.612999 18.941999 109.872002
75.845001 19.730000 107.996002
77.008003 20.546000 108.278000
76.752998 21.721001 109.194000
77.519997 22.684000 109.183998
75.688004 21.649000 109.990997
75.344002 22.731001 110.907997
75.153000 22.235001 112.334999
74.032997 22.165001 112.837997
74.078003 23.436001 110.425003
74.181000 23.931999 109.002998
73.948997 23.076000 107.927002
74.536003 25.253000 108.727997
74.065002 23.524000 106.609001
74.657997 25.712000 107.415001
74.419998 24.843000 106.362000
74.528000 25.292999 105.061996
76.260002 21.895000 113.014000
76.211998 21.400999 114.393997
75.531998 22.381001 115.334999
75.504997 23.579000 115.072998
77.684998 21.194000 114.738998
78.370003 22.238001 113.916000
77.653000 22.113001 112.588997
74.971001 21.865999 116.421997
74.306000 22.721001 117.388000
75.350998 23.306000 118.334999
76.498001 22.863001 118.353996
73.237999 21.937000 118.157997
72.012001 21.625000 117.346001
71.262001 22.649000 116.778000
71.589996 20.309000 117.165001
70.101997 22.368999 116.040001
70.431999 20.018999 116.430000
69.688004 21.052000 115.867996
74.943001 24.290001 119.126999
75.848000 24.979000 120.030998
75.677002 24.718000 121.535004
75.941002 25.608000 122.346001
75.723000 26.478001 119.768997
74.283997 26.937000 119.799004
73.463997 26.193001 120.358002
73.961998 28.025000 119.283997
75.249001 23.520000 121.920998
75.084999 23.236000 123.341003
73.943001 24.014000 123.975998
73.094002 24.524000 123.276001
73.922997 24.122000 125.299004
72.850998 24.832001 126.001999
72.539001 26.207001 125.424004
73.445000 26.975000 125.117996
73.209000 24.983999 127.484001
72.019997 25.232000 128.395996
71.100998 24.017000 128.419006
69.925003 24.219000 129.352997
70.371002 24.434999 130.751999
71.250000 26.504000 125.278000
70.777000 27.787001 124.755997
71.310997 28.198000 123.393997
71.999001 27.438000 122.726997
71.068001 28.895000 125.763000
70.304001 28.712000 127.045998
69.057999 28.796000 127.011002
70.946999 28.469999 128.089996
70.991997 29.422001 122.989998
71.431000 29.903999 121.695000
70.472000 29.395000 120.637001
69.279999 29.693001 120.691002
70.987000 28.625000 119.683998
70.166000 28.058001 118.622002
69.393997 26.885000 119.220001
69.996002 25.979000 119.775002
71.056999 27.559999 117.483002
70.322998 27.068001 116.233002
69.617996 28.247999 115.564003
71.313004 26.409000 115.271004
68.070999 26.881001 119.097000
67.272003 25.799999 119.672997
67.026001 24.638000 118.711998
66.906998 23.476999 119.128998
65.930000 26.349001 120.157997
65.981003 27.580000 121.077003
64.565002 27.997000 121.446999
66.791000 27.275000 122.329002
66.956001 24.958000 117.426003
66.703003 23.962999 116.400002
66.823997 24.625999 115.039001
67.110001 25.815001 114.943001
65.296997 23.398001 116.574997
66.626999 23.841999 113.987999
66.655998 24.361000 112.636002
65.982002 23.372000 111.698997
65.985001 22.167999 111.956001
68.098999 24.705000 112.191002
69.055000 23.549999 112.164001
68.919998 22.281000 111.711998
70.369003 23.671000 112.567001
71.001999 22.531000 112.364998
70.144997 21.671000 111.846001
65.366997 23.886999 110.637001
64.671997 23.049000 109.658997
65.052002 23.459999 108.241997
65.546997 24.563000 108.026001
63.162998 23.158001 109.852997
64.821999 22.569000 107.278999
65.155998 22.847000 105.884003
63.905998 23.011999 105.032997
62.890999 22.346001 105.269997
66.013000 21.724001 105.303001
67.299004 21.490999 106.042000
67.328003 20.695999 107.183998
68.483002 22.059000 105.594002
68.524002 20.466000 107.870003
69.681999 21.839001 106.266998
69.703003 21.039000 107.410004
63.966999 23.908001 104.027000
62.861000 24.202999 103.102997
62.453999 22.969999 102.299004
63.230999 22.018000 102.164001
63.433998 25.292000 102.195000
64.542000 25.893999 102.997002
65.155998 24.708000 103.683998
61.233002 22.981001 101.745003
60.717999 21.861000 100.948997
61.709999 21.371000 99.890999
62.473000 22.146999 99.324997
59.445000 22.441000 100.334000
58.967999 23.371000 101.407997
60.243000 24.072001 101.820000
61.688000 20.070999 99.630997
62.584000 19.500000 98.644997
62.908001 18.059000 98.977997
62.355000 17.504999 99.926003
63.800999 17.420000 98.210999
64.188004 16.025000 98.445000
65.320000 15.876000 99.472000
65.972000 16.855000 99.836998
64.612999 15.563000 97.056999
65.288002 16.788000 96.526001
64.339996 17.902000 96.926003
65.542000 14.646000 99.930000
66.605003 14.374000 100.884003
66.466003 15.066000 102.223000
65.399002 15.077000 102.803001
67.547997 15.648000 102.719002
67.514999 16.336000 104.000000
66.557999 17.537001 103.966003
66.139000 18.048000 105.009003
68.929001 16.809000 104.385002
68.945999 17.268000 105.839996
69.375999 17.929001 103.446999
70.322998 17.634001 106.334000
66.211998 17.975000 102.760002
65.304001 19.100000 102.578003
63.966999 18.794001 103.240997
63.442001 17.705000 103.097000
65.102997 19.365999 101.081001
65.533997 20.754000 100.637001
66.996002 21.044001 100.939003
67.730003 20.021999 101.362000
67.459000 22.173000 100.787003
63.416000 19.759001 103.967003
62.146999 19.537001 104.637001
62.278999 18.891001 106.009003
61.283001 18.719000 106.708000
63.495998 18.532000 106.404999
63.712002 17.903000 107.710999
63.813000 18.920000 108.844002
64.155998 20.076000 108.621002
64.973999 17.038000 107.686996
64.834000 15.835000 106.774002
63.723999 15.612000 106.260002
65.823997 15.104000 106.575996
63.513000 18.476000 110.061996
63.558998 19.341000 111.238998
64.389000 18.705999 112.349998
64.107002 17.587999 112.790001
62.141998 19.615999 111.728996
65.406998 19.431000 112.805000
66.304001 18.945000 113.847000
66.240997 19.782000 115.123001
66.248001 21.007999 115.063004
67.736000 18.938000 113.313004
67.905998 18.146999 112.053001
67.099998 17.239000 111.453003
69.025002 18.247999 111.258003
68.902000 17.438999 110.221001
67.741997 16.816000 110.316002
66.193001 19.115000 116.275002
66.133003 19.813999 117.558998
67.377998 19.555000 118.402000
67.834000 18.414000 118.510002
64.884003 19.389000 118.342003
63.602001 19.576000 117.579002
63.234001 18.677999 116.581001
62.790001 20.683001 117.816002
62.075001 18.882000 115.825996
61.636002 20.899000 117.070999
61.275002 19.997999 116.072998
67.928001 20.618999 118.987000
69.109001 20.503000 119.836998
68.730003 19.882999 121.184998
68.024002 20.497999 121.987999
69.728996 21.875999 120.082001
71.037003 21.788000 120.839996
71.305000 20.732000 121.441002
71.797997 22.767000 120.835999
69.208000 18.670000 121.435997
68.879997 17.993999 122.676003
69.780998 18.386000 123.847000
69.827003 17.691999 124.848999
68.880997 16.473000 122.468002
68.014999 15.737000 123.497002
67.013000 16.316999 123.968002
68.320999 14.574000 123.821999
70.513000 19.488001 123.714996
71.331001 19.969000 124.822998
70.458000 20.966000 125.570000
70.817001 21.459000 126.634003
72.605003 20.664000 124.342003
73.808998 19.738001 124.348000
73.806000 18.761999 125.124001
74.765999 19.989000 123.591003
69.303001 21.254999 124.982002
68.341003 22.172001 125.567001
67.445999 21.344999 126.463997
67.322998 20.139999 126.271004
67.476997 22.809999 124.474998
68.262001 23.464001 123.362999
68.931000 24.732000 123.805000
69.277000 24.846001 124.996002
69.119003 25.620001 122.959000
66.831001 21.990000 127.446999
65.898003 21.311001 128.330994
64.528999 21.445000 127.653000
64.000999 22.549000 127.518997
65.887001 21.982000 129.710007
64.849998 21.473000 130.714005
65.071999 20.004000 130.985992
64.946999 22.273001 132.007996
63.973999 20.327999 127.196999
62.678001 20.347000 126.530998
61.549000 20.080000 127.502998
61.613998 19.146999 128.300995
62.627998 19.319000 125.384003
63.520000 19.686001 124.251999
64.688004 19.072001 123.892998
63.396000 20.834000 123.402000
64.530998 20.855000 122.561996
62.438000 21.850000 123.273003
65.302002 19.770000 122.885002
64.736000 21.854000 121.605003
62.646000 22.844999 122.319000
63.786999 22.837000 121.499001
60.504002 20.896999 127.405998
59.347000 20.791000 128.272003
58.102001 21.243000 127.504997
58.080002 21.195000 126.279999
59.568001 21.681999 129.492004
58.634998 21.392000 130.505005
57.068001 21.667000 128.233002
55.819000 22.160000 127.644997
55.180000 23.125000 128.634995
55.367001 22.992001 129.837006
54.835999 21.018000 127.390999
55.167999 19.921000 126.377998
54.139000 18.816999 126.510002
55.202000 20.493999 124.967003
54.421001 24.087999 128.132004
53.748001 25.037001 129.003006
54.639000 26.040001 129.712997
55.758999 26.294001 129.285004
54.123001 26.618000 130.794998
54.861000 27.597000 131.587997
55.917000 26.863001 132.397995
55.743000 25.688000 132.729004
53.909000 28.339001 132.537003
52.924999 29.266001 131.837997
51.935001 29.898001 132.804993
51.001999 28.858999 133.401993
49.866001 29.485001 134.138000
57.007999 27.548000 132.720993
58.061001 26.910999 133.490997
59.403000 27.007000 132.798004
59.495998 27.528000 131.688995
60.449001 26.500000 133.438995
61.778999 26.563999 132.848007
61.886002 25.584999 131.675995
61.097000 24.653999 131.561005
62.851002 26.278999 133.917007
63.213001 24.832001 134.110001
62.000000 23.952999 134.238007
61.944000 22.903000 133.427002
61.117001 24.211000 135.054001
62.866001 25.794001 130.807999
63.005001 24.931000 129.653000
62.265999 25.565001 128.487000
61.668999 26.627001 128.636993
62.300999 24.921000 127.328003
61.637001 25.454000 126.140999
60.473999 24.563000 125.713997
60.551998 23.343000 125.811996
62.646000 25.559999 125.000000
63.772999 26.534000 125.255997
63.585999 27.905001 125.079002
65.036003 26.084000 125.660004
64.625999 28.806999 125.291000
66.091003 26.980000 125.877998
65.878998 28.339001 125.691002
66.911003 29.229000 125.891998
59.393002 25.165001 125.237999
58.248001 24.375999 124.799004
58.555000 23.638000 123.500999
58.780998 24.261999 122.468002
57.026001 25.268000 124.581001
55.900002 24.490999 124.195000
58.563000 22.311001 123.556999
58.825001 21.507999 122.373001
57.720001 21.757999 121.345001
57.979000 21.792000 120.149002
58.874001 20.021999 122.734001
59.158001 19.077999 121.558998
60.518002 19.417000 120.973999
59.117001 17.618000 122.012001
56.494999 21.936001 121.835999
55.319000 22.195000 121.010002
55.439999 23.476000 120.178001
55.242001 23.455000 118.958000
54.069000 22.270000 121.906998
52.849998 22.840000 121.224998
52.243000 22.167999 120.167000
52.321999 24.063999 121.632004
51.127998 22.705999 119.517998
51.210999 24.611000 120.992996
50.611000 23.929001 119.929001
55.756001 24.587000 120.836998
55.891998 25.861000 120.148003
57.084000 25.912001 119.202003
57.001999 26.511000 118.132004
55.998001 27.009001 121.154999
54.738998 27.365999 121.950996
55.033001 28.532000 122.907997
53.615002 27.733999 120.982002
58.198002 25.299000 119.591003
59.379002 25.309000 118.737999
59.157001 24.410000 117.524002
59.610001 24.715000 116.427002
60.643002 24.855000 119.513000
61.838001 24.750000 118.561996
60.952999 25.867001 120.636002
58.445999 23.306999 117.724998
58.159000 22.386000 116.628998
57.296001 23.084000 115.583000
57.540001 22.962000 114.387001
57.439999 21.146000 117.154999
56.287998 23.813999 116.047997
55.384998 24.531000 115.161003
56.161999 25.495001 114.278000
55.859001 25.639999 113.100998
54.340000 25.283001 115.970001
57.168999 26.142000 114.858002
58.008999 27.094000 114.139999
58.848999 26.371000 113.091003
58.898998 26.785000 111.939003
58.933998 27.812000 115.123001
59.799999 28.858000 114.489998
61.049000 28.788000 113.972000
59.400002 30.169001 114.344002
60.367001 30.860001 113.766998
61.376999 30.045000 113.530998
59.512001 25.292000 113.497002
60.346001 24.523001 112.583000
59.521999 23.952000 111.431999
59.960999 23.972000 110.285004
61.057999 23.374001 113.310997
62.028999 23.804001 114.410004
62.757999 25.100000 114.095001
63.299999 25.233999 112.987000
62.792999 25.983999 114.967003
58.335999 23.437000 111.735001
57.481998 22.889000 110.691002
57.040001 23.997999 109.732002
56.699001 23.728001 108.586998
56.262001 22.184000 111.292999
56.608002 21.004999 112.172997
57.865002 20.398001 112.094002
55.678001 20.509001 113.086998
58.192001 19.319000 112.916000
55.987999 19.424000 113.917999
57.243000 18.826000 113.837997
57.041000 25.240999 110.208000
56.685001 26.355000 109.351997
57.748001 26.441999 108.263000
57.438000 26.584000 107.082001
59.011002 26.353001 108.666000
60.118999 26.382000 107.718002
60.040001 25.195000 106.761002
60.171001 25.351999 105.554001
61.459999 26.316999 108.445999
61.859001 27.600000 109.095001
62.362000 27.858999 110.322998
61.769001 28.816000 108.452003
62.196999 29.768999 109.258003
62.563000 29.214001 110.399002
59.838001 24.007000 107.320000
59.754002 22.780001 106.544998
58.665001 22.837999 105.468002
58.673000 22.045000 104.535004
59.511002 21.606001 107.484001
57.730000 23.773001 105.612000
56.646000 23.934999 104.647003
56.921001 25.103001 103.694000
56.092999 25.422001 102.844002
55.306999 24.158001 105.366997
54.789001 23.030001 106.265999
53.460999 23.421000 106.888000
54.629002 21.766001 105.446999
58.077000 25.743000 103.851997
58.444000 26.847000 102.983002
58.410999 28.268000 103.528000
58.890999 29.190001 102.867996
57.855000 28.462999 104.719002
57.777000 29.804001 105.290001
59.123001 30.347000 105.710999
59.988998 29.598000 106.155998
56.853001 29.827999 106.508003
55.352001 29.681999 106.280998
54.639000 29.943001 107.587997
54.880001 30.664000 105.211998
59.293999 31.656000 105.557999
60.516998 32.323002 105.980003
60.188000 33.049999 107.289001
59.046001 33.026001 107.750999
60.990002 33.338001 104.932999
61.553001 32.678001 103.686996
62.183998 31.601999 103.799004
61.381001 33.247002 102.589996
61.189999 33.687000 107.883003
60.994999 34.417999 109.127998
60.103001 35.633999 108.946999
60.096001 36.257000 107.889999
62.345001 34.842999 109.698997
63.056000 33.747002 110.430000
62.578999 32.692001 111.134003
64.429001 33.660000 110.492996
64.767998 32.596001 111.198997
63.664001 31.992001 111.598000
59.348000 35.952999 109.991997
58.441002 37.090000 109.988998
59.090000 38.264000 110.708000
60.020000 38.081001 111.488998
57.139000 36.716000 110.695999
56.287998 37.835999 110.831001
58.601002 39.467999 110.436996
59.132000 40.664001 111.074997
58.174999 41.125000 112.166000
58.453999 42.076000 112.892998
59.334000 41.775002 110.039001
58.153999 42.002998 109.293999
57.042999 40.436001 112.264000
56.022999 40.724998 113.264000
56.398998 40.007000 114.564003
56.415001 38.778000 114.629997
54.637001 40.234001 112.792000
53.577999 40.582001 113.816002
54.304001 40.848999 111.455002
56.695999 40.775002 115.620003
57.080002 40.220001 116.919998
56.155998 39.157001 117.502998
56.625999 38.199001 118.098000
57.175999 41.460999 117.802002
57.627998 42.513000 116.836998
56.730000 42.248001 115.655998
54.848999 39.316002 117.335999
53.907001 38.342999 117.880997
53.612000 37.162998 116.957001
52.820000 36.289001 117.296997
52.597000 39.028999 118.276001
52.180000 40.146999 117.341003
52.946999 41.437000 117.589996
53.147999 42.203999 116.625999
53.335999 41.689999 118.751999
54.257000 37.125000 115.797997
54.036999 36.028999 114.866997
54.868000 34.826000 115.303001
55.952000 34.986000 115.861000
54.429001 36.452000 113.456001
54.354000 33.625000 115.049004
55.060001 32.398998 115.396004
56.377998 32.280998 114.639000
57.335999 31.698999 115.139000
54.186001 31.183001 115.084000
54.819000 29.794001 115.254997
55.205002 29.584000 116.704002
53.851002 28.711000 114.802002
56.424999 32.835999 113.431000
57.632000 32.763000 112.620003
58.678001 33.816002 112.953003
59.679001 33.945999 112.255997
57.285999 32.817001 111.129997
56.562000 31.575001 110.615997
57.266998 29.973000 111.160004
58.852001 29.969000 110.370003
58.450001 34.570999 114.022003
59.432999 35.561001 114.443001
60.679001 34.745998 114.811996
60.583000 33.743999 115.514999
58.921001 36.335999 115.653000
59.721001 37.577999 115.957001
59.747002 38.653999 115.064003
60.464001 37.674000 117.127998
60.494999 39.791000 115.334000
61.215000 38.804001 117.408997
61.228001 39.858002 116.512001
61.973000 40.976002 116.801003
61.862999 35.172001 114.347000
63.147999 34.500999 114.591003
63.624001 34.300999 116.028000
64.649002 33.659000 116.258003
64.128998 35.341999 113.773003
63.542000 36.702999 113.849998
62.071999 36.446999 113.634003
62.869999 34.827000 116.986000
63.228001 34.731998 118.392998
62.181000 33.938000 119.170998
60.983002 34.062000 118.915001
63.351002 36.147999 118.960999
63.671001 36.230999 120.432999
63.479000 37.926998 121.033997
61.893002 37.841999 121.865997
62.625999 33.117001 120.113998
61.699001 32.324001 120.913002
60.964001 33.167999 121.949997
61.568001 34.000999 122.615997
62.441002 31.214001 121.658997
61.550999 30.424999 122.598999
60.797001 29.344000 122.139000
61.445000 30.768999 123.945999
59.962002 28.622999 122.996002
60.612000 30.059000 124.810997
59.874001 28.987000 124.330002
59.053001 28.278000 125.181999
59.661999 32.942001 122.086998
58.868999 33.651001 123.084000
57.689999 32.777000 123.499001
56.830002 32.450001 122.691002
58.375999 35.005001 122.550003
57.230000 34.931999 121.572998
56.693001 36.313000 121.235001
55.480999 36.228001 120.419998
54.340000 35.675999 120.828003
54.247002 35.158001 122.049004
53.291000 35.633999 120.014999
57.653999 32.374001 124.762001
56.555000 31.534000 125.203003
55.236000 32.286999 125.205002
55.176998 33.474998 125.525002
56.806999 30.962999 126.596001
55.660000 30.152000 127.112000
54.673000 30.740000 127.898003
55.506001 28.820000 126.728996
53.542000 30.016001 128.287994
54.379002 28.086000 127.112999
53.395000 28.684000 127.891998
54.172001 31.586000 124.843002
52.858002 32.195000 124.817001
51.771000 31.167999 125.054001
51.936001 29.990999 124.763000
52.581001 32.896000 123.462997
52.692001 31.913000 122.308998
51.257999 33.445000 123.475998
50.661999 31.627001 125.614998
49.514999 30.767000 125.863998
48.500999 31.132999 124.785004
48.633999 32.165001 124.126999
48.931000 31.032000 127.251999
49.820000 30.573999 128.401993
49.178001 30.785999 129.764999
48.985001 31.959000 130.162003
48.865002 29.778999 130.436996
47.492001 30.297001 124.596001
46.508999 30.596001 123.574997
47.014999 30.233999 122.189003
48.137001 29.740000 122.050003
46.209999 30.482000 121.139000
46.555000 30.184999 119.744003
47.912998 30.740000 119.329002
48.155998 31.938999 119.403000
45.396000 30.802999 118.966003
44.964001 31.931000 119.848000
44.979000 31.285999 121.203003
48.817001 29.858000 118.886002
50.173000 30.211000 118.449997
50.259998 30.989000 117.135002
51.068001 31.909000 117.000000
50.868999 28.849001 118.334999
50.028999 27.927000 119.193001
48.637001 28.396999 118.903000
49.437000 30.611000 116.164001
49.470001 31.257000 114.858002
48.896999 32.658001 114.815002
47.776001 32.890999 115.248001
48.751999 30.395000 113.815002
49.353001 29.024000 113.507004
48.615002 28.430000 112.325996
50.827000 29.143999 113.188004
49.681000 33.584999 114.278999
49.262001 34.971001 114.143997
48.688000 35.147999 112.728996
48.988998 34.353001 111.843002
50.469002 35.882999 114.366997
50.157001 37.341999 114.263000
50.006001 38.291000 115.216003
49.973000 37.980000 113.056000
49.723999 39.259998 113.268997
49.738998 39.473999 114.570999
47.855000 36.168999 112.525002
47.251999 36.437000 111.213997
48.327999 36.410999 110.148003
48.111000 35.953999 109.025002
46.590000 37.817001 111.185997
45.486000 38.009998 112.205002
45.180000 39.488998 112.428001
44.194000 39.680000 113.584999
43.912998 41.116001 113.889000
49.495998 36.918999 110.511002
50.609001 36.959999 109.591003
51.051998 35.556999 109.202003
51.349998 35.299999 108.039001
51.765999 37.731998 110.212997
52.923000 37.904999 109.258003
53.916000 37.167999 109.388000
52.837002 38.773998 108.365997
51.085999 34.644001 110.168999
51.495998 33.270000 109.889999
50.483002 32.585999 108.978996
50.856998 31.854000 108.065002
51.629002 32.452999 111.185997
52.659000 33.026001 112.158997
53.833000 33.230999 111.778000
52.280998 33.257000 113.319000
49.202000 32.824001 109.242996
48.123001 32.237999 108.460999
48.105000 32.755001 107.021004
47.813999 32.006001 106.096001
46.757999 32.515999 109.115997
45.651001 31.841000 108.321999
46.759998 32.012001 110.545998
48.410999 34.034000 106.832001
48.449001 34.604000 105.487999
49.589001 33.983002 104.700996
49.405998 33.558998 103.565002
48.669998 36.120998 105.525002
47.464001 36.875000 106.017998
47.701000 37.978001 106.719002
46.327999 36.484001 105.759003
50.768002 33.945999 105.315002
51.931000 33.384998 104.658997
51.755001 31.952000 104.205002
52.171001 31.593000 103.110001
51.137001 31.125000 105.039001
50.943001 29.732000 104.681000
49.867001 29.547001 103.593002
50.016998 28.712000 102.705002
50.618999 28.871000 105.944000
50.813999 27.393000 105.613998
49.209999 29.136000 106.449997
52.237999 27.048000 105.200996
48.792999 30.323999 103.649002
47.750999 30.216999 102.638000
48.216999 30.806000 101.311996
47.691002 30.466000 100.257004
46.480999 30.931999 103.091003
45.673000 30.153999 104.093002
44.452999 30.927000 104.517998
43.678001 30.183001 105.501999
42.751999 30.722000 106.286003
42.485001 32.020000 106.205002
42.089001 29.964001 107.150002
49.201000 31.694000 101.360001
49.707001 32.290001 100.139000
50.463001 31.238001 99.332001
50.530998 31.313000 98.103996
50.627998 33.465000 100.449997
50.942001 34.307999 99.254997
52.068001 34.421001 98.513000
50.018002 35.152000 98.679001
50.561001 35.748001 97.634003
51.804001 35.321999 97.512001
51.028000 30.260000 100.031998
51.770000 29.177999 99.393997
50.876999 28.009001 98.984001
51.084000 27.420000 97.929001
52.861000 28.648001 100.329002
54.042000 29.552000 100.679001
54.897999 28.875000 101.737000
54.862999 29.836000 99.433998
49.896000 27.674000 99.820999
48.993000 26.552999 99.547997
47.518002 26.945000 99.497002
46.719002 26.112000 99.036003
49.181000 25.450001 100.600998
50.611000 24.990000 100.752998
51.462002 25.575001 101.696999
51.132999 24.007000 99.913002
52.805000 25.190001 101.792999
52.469002 23.617001 100.000000
53.298000 24.212999 100.936996
54.618000 23.837000 100.986000
47.162998 28.054001 99.934998
38.438999 24.617001 161.434006
39.417999 24.920000 160.350998
40.865002 24.867001 160.848999
41.355000 25.782000 161.518997
39.115002 26.292999 159.737000
39.042000 27.399000 160.776001
40.101002 27.785999 161.322006
37.917000 27.875999 161.046005
41.541000 23.778000 160.511993
42.921001 23.579000 160.910004
43.846001 24.419001 160.029007
43.584000 24.607000 158.837997
43.264999 22.094000 160.794006
44.508999 21.605000 161.528000
44.535000 22.156000 162.947998
44.500000 20.087999 161.539993
44.917000 24.941999 160.615005
45.858002 25.745001 159.845993
47.233002 25.767000 160.498001
47.395000 25.316999 161.628006
45.341000 27.176001 159.701996
45.438999 28.007000 160.972000
45.160000 29.466000 160.673996
45.528999 30.353001 161.845001
45.396000 31.790001 161.475006
48.224998 26.284000 159.779007
49.570999 26.358999 160.320007
49.645000 27.558001 161.251999
49.023998 28.589001 160.996002
50.612999 26.516001 159.203995
50.689999 25.351000 158.257996
50.265999 25.320999 156.957993
51.203999 24.040001 158.541000
51.057999 23.271000 157.363007
51.772999 23.441000 159.673996
50.483002 24.077999 156.414993
51.459999 21.930000 157.287003
52.171001 22.108000 159.597000
52.012001 21.368999 158.410004
50.400002 27.419001 162.335007
50.549000 28.507000 163.285004
51.773998 29.357000 163.005997
51.997002 30.358000 163.679001
50.577000 27.962999 164.710999
49.237000 27.513000 165.192993
47.999001 27.711000 164.681000
49.063999 26.767000 166.337006
47.777000 26.523001 166.509995
47.110001 27.084999 165.518005
52.571999 28.950001 162.022003
53.744999 29.722000 161.617004
53.553001 30.058001 160.143997
52.775002 29.406000 159.455994
55.043999 28.934000 161.824005
55.056999 27.591000 161.164001
55.839001 27.090000 160.179993
54.198002 26.576000 161.526001
54.452999 25.506001 160.796005
55.445000 25.791000 159.970993
54.261002 31.072001 159.666000
54.132999 31.514000 158.285995
55.290001 31.152000 157.371994
55.162998 31.228001 156.154999
53.910999 33.029999 158.253006
52.558998 33.445999 158.740005
51.494999 32.712002 159.143997
52.176998 34.765999 158.839996
50.933998 34.826000 159.285004
50.498001 33.594002 159.477005
56.421001 30.778999 157.955002
57.581001 30.395000 157.166000
57.568001 28.878000 157.046005
58.249001 28.160000 157.779007
58.868000 30.914000 157.824005
59.019001 30.486000 159.285004
60.258999 30.243999 159.688995
58.047001 30.395000 160.041000
56.759998 28.400999 156.106995
56.584999 26.979000 155.876007
57.722000 26.340000 155.097000
58.319000 26.962000 154.223007
55.244999 26.733999 155.156006
54.104000 27.259001 156.039001
55.066002 25.256001 154.854996
52.721001 27.052999 155.464996
58.028999 25.094000 155.429001
59.096001 24.382000 154.744003
58.563999 23.156000 154.026001
57.539001 22.586000 154.414993
60.202999 23.938000 155.720993
60.861000 25.146999 156.358994
59.639999 23.097000 156.731995
59.259998 22.756001 152.966003
58.848000 21.584000 152.207001
60.048000 20.798000 151.725998
61.116001 21.353001 151.496994
57.966000 21.973000 151.003998
58.671001 22.725000 149.891006
58.811001 24.113001 149.936005
59.144001 22.052000 148.761002
59.391998 24.816999 148.882004
59.724998 22.746000 147.701996
59.841999 24.125999 147.766006
60.377998 24.816000 146.701996
59.840000 19.499001 151.567001
60.867001 18.587000 151.121002
60.355000 17.740999 149.955002
59.312000 17.093000 150.061005
61.271000 17.677000 152.294998
62.237000 16.559000 151.970001
63.303001 16.613001 151.117004
62.292000 15.266000 152.595001
63.424000 14.600000 152.078003
61.495998 14.610000 153.548004
64.021004 15.442000 151.179001
63.783001 13.307000 152.483994
61.853001 13.327000 153.951996
62.987999 12.691000 153.419998
61.080002 17.770000 148.841003
60.729000 16.955999 147.695999
61.514000 15.672000 147.917999
62.694000 15.588000 147.591995
61.167000 17.608000 146.380997
60.520000 18.990999 146.253998
60.772999 16.715000 145.214005
61.023998 19.811001 145.080002
60.855000 14.679000 148.496002
61.495998 13.413000 148.802002
61.971001 12.587000 147.604004
63.085999 12.069000 147.610992
60.563999 12.573000 149.662003
61.091999 11.200000 149.957001
60.132999 10.402000 150.794006
59.534000 11.048000 151.781998
59.932999 9.211000 150.559998
61.118000 12.428000 146.595993
61.492001 11.664000 145.412003
60.868000 12.265000 144.164993
60.138000 13.261000 144.238998
61.111000 10.184000 145.548996
59.627998 9.965000 145.733994
59.254002 8.735000 146.035004
58.830002 10.882000 145.602005
61.164001 11.666000 143.016006
60.669998 12.187000 141.748993
59.889999 11.203000 140.899002
59.880001 10.005000 141.158005
61.844002 12.731000 140.921005
62.537998 13.932000 141.535995
63.526001 13.777000 142.509995
62.155998 15.229000 141.186996
64.112999 14.889000 143.123993
62.730999 16.341000 141.792999
63.706001 16.164000 142.759995
64.257004 17.270000 143.365005
59.230000 11.737000 139.876999
58.460999 10.929000 138.936005
59.374001 10.596000 137.766006
60.298000 11.345000 137.451996
57.245998 11.705000 138.419006
56.716000 11.100000 137.251999
59.109001 9.480000 137.108002
59.937000 9.079000 135.981995
59.584999 9.825000 134.699997
60.331001 9.763000 133.731995
59.794998 7.575000 135.742996
59.912998 6.740000 137.003998
60.077000 5.255000 136.718002
61.082001 4.880000 136.067993
59.203999 4.466000 137.147995
58.464001 10.543000 134.701996
58.007999 11.256000 133.511002
58.637001 12.606000 133.194000
58.577999 13.052000 132.050995
56.495998 11.480000 133.557007
55.716999 10.228000 133.884003
56.138000 9.119000 133.514008
54.652000 10.371000 134.503998
59.207001 13.273000 134.188995
59.797001 14.582000 133.953003
61.179001 14.713000 134.565994
61.514999 14.000000 135.511002
58.887001 15.664000 134.528000
57.497002 15.796000 133.901001
56.641998 16.745001 134.731995
57.629002 16.302999 132.470993
62.014000 15.617000 134.020996
63.370998 15.820000 134.557007
63.250000 16.450001 135.953995
62.244999 17.096001 136.250000
64.001999 16.790001 133.554001
63.214001 16.559000 132.292007
61.811001 16.408001 132.796005
64.259003 16.264999 136.804993
64.237000 16.840000 138.158997
64.022003 18.337999 138.138000
63.219002 18.868999 138.899002
65.551003 16.591000 138.906006
65.708000 15.207000 139.468994
66.845001 15.143000 140.470001
67.022003 13.771000 140.932007
67.541000 13.427000 142.106995
67.945000 14.360000 142.966003
67.640999 12.143000 142.423996
64.764000 19.013000 137.268005
64.684998 20.461000 137.162994
63.278000 20.945999 136.837006
62.844002 21.983999 137.326004
65.677002 20.959000 136.106003
62.566002 20.191999 136.007996
61.213001 20.562000 135.626007
60.258999 20.393999 136.802994
59.362000 21.211000 137.016006
60.721001 19.694000 134.432999
59.229000 19.926001 134.177002
61.529999 20.037001 133.190002
60.459999 19.323000 137.563004
59.617001 19.028999 138.709000
59.862000 20.025000 139.830002
58.908001 20.542999 140.404007
59.855000 17.580000 139.199997
59.286999 16.597000 138.166000
59.229000 17.371000 140.570999
59.476002 15.131000 138.520996
61.132000 20.308001 140.134003
61.446999 21.278999 141.184006
60.751999 22.603001 140.871002
60.095001 23.187000 141.731995
62.959000 21.544001 141.287994
63.745998 20.351000 141.802994
63.155998 19.399000 142.352997
64.983002 20.371000 141.664001
60.902000 23.069000 139.634995
60.313000 24.327999 139.188995
58.785000 24.354000 139.266998
58.200001 25.343000 139.697006
60.768002 24.621000 137.761993
60.207001 25.919001 137.220993
60.611000 26.985001 137.720993
59.362000 25.870001 136.296997
58.134998 23.275999 138.850006
56.679001 23.204000 138.906998
56.174000 23.343000 140.347000
55.183998 24.034000 140.600998
56.195999 21.882000 138.315002
56.831001 22.667999 141.289001
56.424999 22.757999 142.694000
56.669998 24.172001 143.225998
55.870998 24.709000 143.990005
57.181999 21.737000 143.559006
56.730999 20.304001 143.363007
55.409000 20.007000 143.024994
57.627998 19.250999 143.516006
54.994999 18.679001 142.841003
57.223999 17.927000 143.337006
55.907001 17.641001 142.998001
57.771999 24.783001 142.807007
58.092999 26.136000 143.246002
57.061001 27.149000 142.738007
56.664001 28.059999 143.466995
59.490002 26.521000 142.770004
56.627998 26.993000 141.490005
55.641998 27.906000 140.917007
54.273998 27.638000 141.531006
53.451000 28.544001 141.660995
55.596001 27.761000 139.388000
56.888000 28.201000 138.707001
56.812000 28.138000 137.181000
56.745998 26.768000 136.684998
55.666000 26.212999 136.149994
54.548000 26.912001 136.029999
55.701000 24.945999 135.753006
54.035999 26.392000 141.927002
52.768002 26.030001 142.552002
52.660000 26.677000 143.940994
51.571999 27.056000 144.369003
52.655998 24.520000 142.660004
53.786999 26.795000 144.645004
53.798000 27.427000 145.970001
53.719002 28.941999 145.832001
53.101002 29.613001 146.651993
55.071999 27.069000 146.759003
55.007999 25.733999 147.445999
53.976002 25.448999 148.332993
55.973999 24.764000 147.203995
53.903999 24.219999 148.972000
55.917000 23.527000 147.835999
54.879002 23.250999 148.723999
54.355999 29.481001 144.802002
54.344002 30.921000 144.576004
52.930000 31.466000 144.360001
52.660999 32.629002 144.658005
55.222000 31.268000 143.389999
52.028999 30.636000 143.841003
50.652000 31.075001 143.615005
50.020000 31.481001 144.934006
49.342999 32.500000 145.029999
49.797001 29.958000 143.009995
49.951000 29.559999 141.539001
48.945000 28.468000 141.229996
49.717999 30.754000 140.630005
50.244999 30.664000 145.951004
49.680000 30.913000 147.264999
50.396999 31.995001 148.063995
49.751999 32.844002 148.673996
49.652000 29.608999 148.052994
48.796001 28.552999 147.417007
49.214001 27.368999 146.884995
47.366001 28.549999 147.330002
46.986000 27.320000 146.746994
46.366001 29.464001 147.695007
48.132999 26.618999 146.483002
45.644001 26.976999 146.522003
45.028999 29.122000 147.470993
44.683998 27.889000 146.891998
51.723999 31.979000 148.063004
52.473999 32.986000 148.807999
52.241001 34.372002 148.220993
52.599998 35.381001 148.826996
53.966999 32.674999 148.776001
54.465000 32.772999 147.457001
51.640999 34.417999 147.039001
51.379002 35.682999 146.373993
50.160000 36.380001 146.949005
50.054001 37.599998 146.875000
51.187000 35.457001 144.882996
49.237999 35.611000 147.518997
48.030998 36.195999 148.089005
47.925999 36.035000 149.606003
46.838001 36.144001 150.173004
46.761002 35.601002 147.434998
46.728001 35.952000 145.959000
46.735001 34.098999 147.613998
49.056999 35.773998 150.257004
49.098000 35.611000 151.710999
50.484001 35.974998 152.240997
51.424000 36.166000 151.466003
48.814999 34.159000 152.139008
47.492001 33.676998 151.587006
49.872002 33.313000 151.671997
50.624001 36.084000 153.576004
51.909000 36.423000 154.199005
52.810001 35.189999 154.341003
53.889000 35.258999 154.927994
51.491001 36.993000 155.548004
50.313000 36.136002 155.893997
49.542000 36.096001 154.582001
52.356998 34.063999 153.796005
53.111000 32.813000 153.850006
54.300999 32.796001 152.897003
54.252998 33.383999 151.817001
52.209999 31.634001 153.485001
50.919998 31.386000 154.263000
50.115002 30.308001 153.546997
51.241001 30.971001 155.697006
55.369999 32.123001 153.307007
56.549999 31.968000 152.468002
56.821999 30.469000 152.444000
56.361000 29.731001 153.320999
57.785999 32.696999 153.018005
57.478001 34.160999 153.235001
58.199001 32.091999 154.250000
57.561001 30.020000 151.438004
57.858002 28.603001 151.289001
59.338001 28.362000 151.044998
59.910000 28.853001 150.078995
57.009998 28.041000 150.147003
55.530998 28.101000 150.419006
54.916000 27.141001 151.229004
54.761002 29.150000 149.923996
53.560001 27.231001 151.541000
53.403999 29.249001 150.231003
52.803001 28.291000 151.039993
59.951000 27.596001 151.938004
61.375000 27.302000 151.858002
61.629002 25.823999 151.638000
61.049999 24.976999 152.317001
62.075001 27.739000 153.149002
63.567001 27.461000 153.091003
61.867001 29.138000 153.328003
62.501999 25.521000 150.688004
62.831001 24.138000 150.384995
63.963001 23.657000 151.283997
64.973000 24.341000 151.434998
63.248001 23.996000 148.919006
63.532001 22.559000 148.524002
64.052002 22.459000 147.121002
64.380997 21.083000 146.772003
64.904999 20.721001 145.610001
65.157997 21.636999 144.688995
65.174004 19.447001 145.371994
63.784000 22.486000 151.888000
64.794998 21.903999 152.759995
64.950996 20.447001 152.345001
64.239998 19.988001 151.455994
64.384003 22.006001 154.251999
64.096001 23.462000 154.600006
63.158001 21.135000 154.537003
65.863998 19.716999 152.981995
66.099998 18.320999 152.613007
65.990997 17.297001 153.735001
66.643997 16.254000 153.695999
67.474998 18.190001 151.955994
67.634003 19.049999 150.727997
67.800003 20.430000 150.837006
67.567001 18.492001 149.451004
67.890999 21.233000 149.703003
67.657997 19.285000 148.313004
67.820000 20.652000 148.445007
67.918999 21.438000 147.319000
65.162003 17.576000 154.731003
65.005997 16.641001 155.834000
63.549000 16.412001 156.177994
62.667000 17.155001 155.750000
65.750999 17.143999 157.076996
65.274002 18.414000 157.490005
63.319000 15.376000 156.973007
61.990002 14.999000 157.417999
61.395000 16.077999 158.324997
60.264000 15.949000 158.781006
62.070999 13.676000 158.175995
60.957001 12.699000 157.863007
61.049000 11.467000 158.757004
59.973999 10.514000 158.490005
59.694000 9.466000 159.259995
58.698002 8.651000 158.936996
60.405998 9.237000 160.356995
62.160000 17.135000 158.582993
61.707001 18.233000 159.438004
60.784000 19.198000 158.705994
60.165001 20.065001 159.326004
62.894001 19.042999 159.970993
63.908001 18.195000 160.697998
63.505001 17.346001 161.522995
65.115997 18.393000 160.451004
60.706001 19.065001 157.389008
59.863998 19.948000 156.593994
58.408001 19.808001 157.005005
57.983002 18.743000 157.453003
60.019001 19.620001 155.115997
57.644001 20.886000 156.865005
56.226002 20.834999 157.207001
55.486000 20.055000 156.128006
54.619999 19.240000 156.417007
55.625000 22.240000 157.298004
56.278999 23.087000 158.365005
56.422001 22.601000 159.505005
56.643002 24.242001 158.065994
55.835999 20.312000 154.875000
55.182999 19.646000 153.759995
56.138000 18.694000 153.057999
57.096001 19.114000 152.410995
54.639999 20.691999 152.748001
53.611000 21.587000 153.449005
54.032001 19.995001 151.529999
53.139000 22.768999 152.625000
55.882999 17.405001 153.207001
56.710999 16.408001 152.567001
55.991001 15.939000 151.309998
54.826000 15.535000 151.358002
56.977001 15.221000 153.498001
57.737000 14.136000 152.750000
57.772999 15.694000 154.712997
56.698002 16.014999 150.186996
56.165001 15.636000 148.886002
56.749001 14.334000 148.380997
57.949001 14.096000 148.490997
56.472000 16.714001 147.856995
55.918999 18.059000 148.348007
55.911999 16.306000 146.503006
56.376999 19.259001 147.542999
55.903000 13.481000 147.820007
56.400002 12.230000 147.291000
55.511002 11.625000 146.225998
54.304001 11.856000 146.203995
56.598999 11.209000 148.412003
55.327999 10.614000 148.955994
55.589001 9.395000 149.828003
55.391998 9.550000 151.134003
55.972000 8.329000 149.334000
56.140999 10.859000 145.339005
55.463001 10.147000 144.274002
55.414001 8.685000 144.681000
56.389000 8.160000 145.201996
56.237000 10.257000 142.959000
56.264999 11.642000 142.386002
57.172001 12.581000 142.852005
55.370998 12.012000 141.388000
57.191002 13.874000 142.334000
55.379002 13.306000 140.865005
56.287998 14.237000 141.337997
54.283001 8.028000 144.445999
54.169998 6.626000 144.794998
53.143002 5.900000 143.951004
52.352001 6.535000 143.259995
53.167999 4.572000 143.988007
52.206001 3.764000 143.246994
51.547001 2.773000 144.203003
52.209999 2.174000 145.054993
52.875000 2.967000 142.108994
53.592999 3.913000 141.169998
53.832001 1.943000 142.686005
50.237999 2.607000 144.061005
49.498001 1.690000 144.912003
49.826000 1.959000 146.378998
49.761002 3.106000 146.835999
49.845001 0.256000 144.542999
50.179001 0.902000 147.104996
50.521000 1.002000 148.522995
51.810001 1.802000 148.647003
52.839001 1.399000 148.108002
50.756001 -0.391000 149.113007
49.929001 -1.502000 148.483994
48.452000 -1.388000 148.800003
47.671001 -2.226000 148.296005
48.074001 -0.464000 149.554993
51.776001 2.922000 149.360001
52.988998 3.723000 149.488007
53.334000 4.246000 150.889999
54.056999 5.231000 151.018997
52.935001 4.898000 148.500000
51.733002 5.777000 148.671005
51.535999 6.874000 149.438004
50.526001 5.519000 148.056000
49.638000 6.416000 148.440994
50.224998 7.248000 149.281006
52.831001 3.601000 151.940002
53.153999 4.070000 153.279999
51.972000 4.307000 154.197998
51.827000 3.621000 155.209000
51.138000 5.289000 153.875000
49.967999 5.563000 154.692001
48.969002 4.438000 154.475006
49.323002 3.368000 153.981995
49.342999 6.899000 154.298996
49.366001 7.138000 152.796997
49.118999 6.191000 152.022995
49.623001 8.286000 152.395004
47.719002 4.666000 154.837006
46.731998 3.620000 154.641006
45.835999 3.952000 153.473999
44.705002 3.478000 153.389999
46.359001 4.768000 152.565994
45.597000 5.200000 151.408997
46.308998 4.931000 150.089005
46.907001 5.825000 149.503006
45.285000 6.690000 151.544998
44.636002 7.044000 152.867004
45.334000 6.907000 154.070007
43.318001 7.492000 152.921997
44.736000 7.204000 155.289993
42.710999 7.794000 154.139999
43.425999 7.647000 155.317001
42.834999 7.947000 156.518997
46.255001 3.686000 149.604004
46.917999 3.366000 148.335007
46.252998 4.029000 147.128006
45.070000 4.372000 147.167007
46.838001 1.843000 148.279999
45.590000 1.533000 149.067001
45.706001 2.475000 150.238007
47.022999 4.225000 146.061996
46.474998 4.825000 144.850998
45.810001 3.733000 144.016998
46.020000 2.546000 144.261002
47.568001 5.547000 144.054993
48.019001 6.842000 144.686996
47.108002 7.871000 144.919006
49.348999 7.029000 145.057999
47.511002 9.069000 145.511002
49.764999 8.221000 145.649994
48.841999 9.245000 145.876999
45.016998 4.142000 143.031998
44.258999 3.209000 142.203003
44.730999 2.976000 140.768005
43.924000 2.646000 139.908997
42.807999 3.674000 142.164001
42.698002 5.131000 141.809998
43.709000 5.661000 141.330994
41.631001 5.750000 141.994995
46.020000 3.128000 140.498993
46.493000 2.905000 139.145996
46.141998 4.064000 138.237000
45.789001 5.131000 138.723007
46.216999 3.849000 136.925003
45.936001 4.895000 135.942993
44.564999 5.565000 136.087006
43.544998 4.901000 136.238998
46.099998 4.322000 134.535004
45.992001 5.346000 133.425995
46.257999 4.704000 132.076996
46.043999 5.691000 130.936005
44.633999 6.176000 130.858994
44.561001 6.892000 136.033997
43.347000 7.692000 136.166000
42.641998 7.509000 137.505997
43.098999 6.765000 138.363007
42.367001 7.376000 135.035004
42.876999 7.826000 133.684006
43.081001 9.045000 133.490997
43.077999 6.954000 132.813995
41.508999 8.181000 137.669998
40.773998 8.091000 138.912003
41.334999 9.123000 139.863998
41.355000 10.310000 139.548996
41.792000 8.678000 141.029999
42.375999 9.585000 142.014999
43.771000 9.971000 141.520004
44.592999 9.106000 141.264999
42.493000 8.878000 143.358994
42.939999 9.772000 144.507004
41.855000 10.797000 144.779007
43.205002 8.927000 145.746002
44.047001 11.262000 141.397003
45.346001 11.700000 140.884003
46.400002 11.897000 141.964996
47.592999 11.658000 141.748993
45.176998 13.002000 140.095001
44.126999 12.970000 138.979004
44.110001 14.305000 138.251999
44.424999 11.823000 138.013000
45.948002 12.331000 143.130997
46.830002 12.585000 144.255005
45.973999 12.896000 145.472000
44.750999 12.932000 145.378006
47.716999 13.768000 143.942001
46.622002 13.104000 146.613007
45.926998 13.458000 147.839996
46.897999 14.097000 148.822006
48.085999 13.786000 148.817993
45.217999 12.237000 148.451004
46.125999 11.110000 148.837997
47.342999 11.101000 149.434006
45.771000 9.787000 148.673004
46.730000 9.013000 149.151001
47.695000 9.786000 149.619003
46.386002 15.015000 149.636993
47.191002 15.727000 150.615005
46.511002 15.689000 151.981003
45.341999 15.313000 152.091003
47.386002 17.165001 150.169006
47.248001 16.076000 153.020004
46.712002 16.080999 154.373001
46.712002 17.490999 154.932007
47.599998 18.285999 154.632004
47.532001 15.162000 155.289993
47.564999 13.731000 154.839005
48.483002 13.308000 153.880997
46.667999 12.806000 155.358002
48.509998 11.984000 153.447006
46.685001 11.480000 154.929993
47.609001 11.069000 153.972000
45.702999 17.818001 155.761002
45.535000 19.135000 156.399002
46.693001 19.452000 157.354996
47.363998 18.544001 157.850998
44.210999 18.997999 157.151001
43.516998 17.858999 156.470001
44.625999 16.900999 156.164993
46.929001 20.745001 157.632996
48.005001 21.193001 158.526993
48.077000 20.402000 159.834000
47.054001 19.982000 160.373993
47.667999 22.660000 158.755997
47.035999 23.056000 157.462997
46.130001 21.889000 157.160004
49.293999 20.207001 160.334000
49.490002 19.459000 161.563004
50.851002 18.785999 161.572998
51.653000 19.025999 160.671005
51.145000 17.934999 162.574005
52.428001 17.233000 162.684998
52.463001 15.901000 161.947006
51.423000 15.356000 161.591995
52.571999 17.049000 164.188995
51.173000 16.742001 164.587997
50.355999 17.760000 163.807999
53.665001 15.379000 161.720993
53.803001 14.100000 161.046005
53.338001 14.098000 159.604996
53.602001 15.036000 158.867996
52.632999 13.048000 159.201996
52.146999 12.941000 157.832001
51.194000 14.085000 157.479004
50.921001 14.343000 156.309006
51.439999 11.590000 157.613007
51.200001 11.365000 156.119003
50.131001 11.561000 158.386002
50.619999 10.012000 155.789001
50.703999 14.781000 158.498001
49.790001 15.901000 158.298004
50.459000 16.997999 157.481995
51.576000 17.367001 157.768005
49.359001 16.457001 159.654007
47.863998 16.382999 159.914001
47.323002 14.967000 159.860001
48.215000 13.993000 159.727005
46.116001 14.751000 159.940002
49.773998 17.524000 156.472000
50.363998 18.568001 155.649994
51.148998 18.047001 154.449997
51.605999 18.834999 153.619003
51.307999 16.726999 154.354004
52.049000 16.115000 153.253006
51.202999 15.996000 151.973999
49.971001 16.042000 152.029007
52.556999 14.730000 153.667999
53.612999 14.794000 154.764008
53.978001 15.912000 155.160004
54.080002 13.730000 155.220001
51.872002 15.836000 150.830994
51.196999 15.722000 149.535995
51.803001 14.586000 148.727997
53.004002 14.569000 148.483002
51.326000 17.027000 148.770996
50.967999 13.639000 148.313995
51.424000 12.481000 147.554993
50.785999 12.427000 146.167999
49.591000 12.668000 146.016006
51.091999 11.215000 148.334000
51.623001 11.212000 149.735992
52.598999 11.944000 150.324997
51.160000 10.349000 150.703995
51.827000 10.546000 151.826004
52.706001 11.508000 151.623001
51.594002 12.105000 145.160004
51.127998 12.046000 143.776001
51.227001 10.650000 143.184998
52.257000 9.993000 143.292999
51.929001 13.027000 142.912003
51.907001 14.444000 143.421005
52.747002 14.840000 144.459000
51.016998 15.374000 142.886993
52.703999 16.143000 144.960999
50.962002 16.684999 143.380005
51.806000 17.070999 144.417999
50.144001 10.204000 142.554993
50.094002 8.877000 141.940994
50.944000 8.843000 140.673004
50.604000 9.460000 139.669998
48.660000 8.502000 141.582993
48.546001 7.080000 141.115997
49.567001 6.496000 140.725006
47.442001 6.530000 141.132004
52.039001 8.101000 140.722000
52.943001 8.020000 139.593002
52.521999 6.977000 138.559998
53.327999 6.553000 137.738998
54.360001 7.745000 140.098007
55.424000 8.234000 139.147003
55.153000 9.165000 138.358994
56.546001 7.700000 139.203995
51.273998 6.529000 138.626999
50.771999 5.589000 137.630997
50.123001 6.478000 136.570007
49.738998 6.016000 135.503998
49.729000 4.635000 138.212006
50.304001 3.270000 138.550995
51.334000 2.884000 137.962997
49.709000 2.571000 139.399002
50.007999 7.763000 136.889999
49.441002 8.755000 135.987000
50.560001 9.285000 135.098999
51.724998 9.238000 135.477005
48.874001 9.931000 136.778000
47.935001 9.526000 137.893997
46.626999 8.986000 137.376999
46.617001 8.360000 136.292999
45.606998 9.185000 138.059998
50.207001 9.795000 133.923996
51.203999 10.366000 133.026001
51.312000 11.837000 133.399002
50.379002 12.603000 133.160004
50.757999 10.242000 131.567993
51.617001 10.985000 130.531998
53.062000 10.519000 130.626999
51.063999 10.740000 129.130997
52.433998 12.230000 133.998001
52.618000 13.622000 134.401001
53.266998 14.435000 133.298996
54.230000 14.003000 132.664993
53.453999 13.723000 135.694000
52.751999 13.143000 136.869995
53.050999 11.979000 137.511002
51.546001 13.636000 137.468994
51.165001 12.708000 138.464005
50.743999 14.769000 137.255005
52.101002 11.708000 138.466995
50.012001 12.876000 139.248001
49.591000 14.935000 138.033997
49.241001 13.990000 139.016006
52.730999 15.630000 133.091995
53.217999 16.521000 132.061005
52.924000 17.952999 132.496002
52.676998 18.207001 133.675995
52.497002 16.187000 130.746994
53.111000 16.799000 129.634003
52.953999 18.881001 131.542999
52.680000 20.294001 131.800003
52.043999 20.900999 130.557999
52.334999 20.471001 129.453003
53.972000 21.049000 132.104996
54.743999 20.757999 133.401001
56.028999 21.559999 133.386002
53.903999 21.118000 134.638000
51.181000 21.898001 130.738998
50.544998 22.556999 129.602005
49.474998 21.767000 128.863998
48.884998 20.834999 129.408997
49.207001 22.158001 127.621002
48.216999 21.473000 126.794998
48.804001 20.142000 126.355003
50.028999 19.997000 126.286003
47.879002 22.313999 125.559998
47.094002 23.563999 125.877998
46.827999 24.410000 124.647003
48.098999 25.058001 124.149002
47.812000 26.127001 123.147003
47.939999 19.180000 126.043999
48.419998 17.877001 125.623001
47.924999 16.757999 126.521004
47.237999 17.010000 127.514999
48.268002 15.519000 126.181000
47.827999 14.384000 126.977997
48.582001 14.369000 128.311005
49.613998 15.024000 128.455994
48.023998 13.073000 126.199997
49.370998 12.436000 126.353996
50.488998 13.421000 126.156998
51.368000 13.520000 127.143997
50.568001 14.090000 125.130997
48.049999 13.635000 129.283997
48.672001 13.586000 130.591995
48.049999 14.651000 131.473007
47.237999 15.452000 131.009995
48.432999 14.672000 132.744003
47.896000 15.643000 133.692001
48.964001 16.653000 134.050003
50.138000 16.304001 134.130005
47.421001 14.924000 134.962006
46.248001 13.989000 134.746002
44.957001 14.490000 134.602005
46.429001 12.610000 134.675003
43.870998 13.647000 134.397003
45.341999 11.747000 134.466995
44.063999 12.281000 134.328995
42.973999 11.463000 134.100006
48.560001 17.900999 134.270996
49.505001 18.955000 134.626999
49.973999 18.806000 136.065994
49.185001 18.952999 136.996994
48.863998 20.330999 134.464005
49.799000 21.357000 134.755997
51.252998 18.511999 136.255005
51.785000 18.372999 137.604004
51.624001 19.709999 138.328995
51.285000 19.746000 139.507004
53.264999 17.972000 137.556000
53.993000 17.750999 138.889008
53.311001 16.631001 139.669998
55.457001 17.409000 138.628006
51.853001 20.802999 137.604996
51.741001 22.152000 138.151993
50.368999 22.429001 138.748993
50.257000 22.820999 139.916000
52.035000 23.181000 137.057007
51.660999 24.591999 137.421005
52.306000 25.261000 138.455994
50.666000 25.259001 136.714005
51.966000 26.580000 138.781998
50.319000 26.573000 137.029999
50.973999 27.236000 138.070007
49.328999 22.233999 137.942001
47.958000 22.472000 138.380997
47.512001 21.549999 139.509995
46.858002 21.997000 140.451996
46.985001 22.340000 137.201004
47.037998 23.424000 136.121994
45.965000 23.156000 135.085999
46.842999 24.792999 136.748001
47.846001 20.266001 139.417007
47.464001 19.326000 140.466003
48.210999 19.629000 141.772995
47.659000 19.469000 142.862000
47.733002 17.865999 140.042999
47.353001 16.905001 141.173004
46.912998 17.538000 138.809006
49.457001 20.079000 141.660004
50.254002 20.410999 142.834000
49.636002 21.599001 143.565994
49.548000 21.615000 144.794998
51.701000 20.743000 142.421005
49.209999 22.597000 142.802002
48.611000 23.787001 143.378006
47.362999 23.413000 144.167999
47.090000 23.992001 145.220001
48.270000 24.788000 142.274002
46.612000 22.441999 143.658005
45.396999 21.980000 144.320999
45.763000 21.246000 145.615005
45.192001 21.518999 146.673004
44.616001 21.041000 143.395004
43.327999 20.544001 143.975998
43.043999 19.429001 144.690994
42.138000 21.230000 143.847000
41.176998 20.556999 144.453995
41.699001 19.461000 144.975998
46.714001 20.316999 145.529007
47.150002 19.566000 146.707993
47.709999 20.486000 147.785004
47.431000 20.301001 148.966003
48.216999 18.530001 146.341003
47.743999 17.434999 145.406006
46.298000 17.070999 145.636002
45.914001 16.813000 146.789993
45.539001 17.042999 144.654007
48.504002 21.473000 147.382004
49.078999 22.396000 148.348007
47.974998 23.229000 148.981003
48.154999 23.801001 150.054993
50.124001 23.308001 147.688004
51.321999 22.570999 147.139999
51.587002 21.252001 147.518005
52.174999 23.188999 146.229996
52.681999 20.559999 146.988998
53.271999 22.507000 145.695007
53.525002 21.193001 146.072006
46.828999 23.288000 148.309998
45.702999 24.038000 148.832993
45.208000 23.327999 150.076004
44.922001 23.952999 151.095993
45.110001 22.007999 149.979996
44.688999 21.186001 151.102005
45.736000 21.261999 152.214996
45.407001 21.507000 153.371002
44.536999 19.731001 150.667999
43.325001 19.474001 149.834000
43.164001 18.781000 148.682999
42.076000 19.944000 150.177994
41.198002 19.551001 149.274002
41.833000 18.844000 148.356995
46.998001 21.052999 151.850006
48.098999 21.082001 152.802002
48.150002 22.374001 153.606003
48.821999 22.433001 154.634003
49.424000 20.868000 152.074997
47.450001 23.407000 153.139008
47.424000 24.683001 153.848999
46.120998 24.868999 154.626999
45.946999 25.868000 155.322998
47.612999 25.856001 152.886993
48.951000 25.959000 152.145996
48.959999 27.226999 151.300995
50.110001 25.979000 153.132004
45.208000 23.910000 154.503998
43.957001 23.997999 155.233994
42.673000 24.146000 154.436996
41.588001 23.993999 154.988998
42.771999 24.438000 153.147003
41.575001 24.601000 152.324997
40.826000 23.305000 152.033997
41.426998 22.250000 151.850006
41.924999 25.260000 150.990997
42.400002 26.711000 151.009003
42.550999 27.188999 149.580994
41.396999 27.589001 151.746994
39.500000 23.396000 152.003006
38.660000 22.247999 151.684006
38.213001 22.438000 150.231995
38.553001 23.441999 149.591995
37.422001 22.186001 152.595001
37.766998 21.848000 154.046005
38.706001 21.049999 154.272995
37.084000 22.365000 154.962997
37.452000 21.482000 149.712997
36.966999 21.565001 148.341995
35.985001 22.704000 148.128006
35.223999 23.062000 149.028000
36.312000 20.247999 147.944000
37.293999 19.186001 147.572998
38.532001 19.270000 147.035995
37.039001 17.843000 147.740997
38.078999 17.143999 147.324997
38.998001 17.986000 146.891998
36.013000 23.274000 146.927002
35.115002 24.365000 146.565994
33.957001 23.799999 145.763000
34.049999 22.702999 145.212997
35.846001 25.417000 145.725998
34.952999 26.426001 145.281006
32.862000 24.552999 145.714996
31.672001 24.149000 144.973007
31.620001 24.910000 143.643997
30.789000 24.627001 142.781998
30.414000 24.431000 145.806000
30.416000 25.759001 146.311005
32.520000 25.878000 143.494995
32.612999 26.679001 142.281998
33.417999 25.872999 141.257004
34.639000 25.731001 141.384003
33.330002 28.014999 142.569000
33.395000 28.862000 141.307007
32.605999 28.761000 143.690994
32.738998 25.326000 140.231003
33.348000 24.518000 139.166000
34.613998 25.059999 138.505005
35.396000 24.287001 137.955002
32.200001 24.343000 138.173004
31.014000 24.261000 139.078003
31.281000 25.415001 140.033005
34.818001 26.372999 138.544006
36.015999 26.945999 137.940002
37.058998 27.368999 138.970993
38.022999 28.059999 138.645996
35.661999 28.135000 137.041000
34.714001 29.150999 137.651001
33.265999 28.900000 137.270004
32.398998 29.698999 137.684006
32.993999 27.907000 136.556000
36.859001 26.964001 140.220001
37.811001 27.283001 141.278000
38.867001 26.181000 141.281006
38.561001 25.018000 140.983994
37.105000 27.337000 142.632004
40.106998 26.542999 141.604996
41.191002 25.569000 141.647995
40.886002 24.445000 142.628998
41.261002 23.295000 142.401993
42.501999 26.247999 142.048004
43.717999 25.337999 142.279007
44.048000 24.554001 141.013000
44.908001 26.190001 142.703995
40.196999 24.771999 143.718994
39.870998 23.764000 144.716995
38.688000 22.862000 144.380997
38.300999 22.021000 145.192993
39.657001 24.417999 146.085007
40.932999 24.997000 146.690994
42.360001 23.881001 146.542999
41.835999 22.483999 147.531998
38.118999 23.025999 143.190002
37.006001 22.180000 142.768997
37.557999 20.749001 142.789993
38.658001 20.497999 142.309998
36.549999 22.570000 141.356003
35.227001 21.951000 140.953003
34.035000 22.330000 141.576996
35.173000 20.947001 139.985992
32.824001 21.719000 141.250000
33.971001 20.330000 139.654999
32.803001 20.716999 140.289993
31.628000 20.080000 139.968994
36.797001 19.792000 143.339996
37.176998 18.375999 143.455002
37.462002 17.535999 142.212006
37.889999 16.382999 142.328995
36.033001 17.783001 144.276993
34.868999 18.597000 143.832993
35.430000 20.002001 143.845993
37.224998 18.077999 141.028000
37.469002 17.302999 139.819000
38.520000 17.987000 138.964996
38.610001 19.208000 138.960007
36.155998 17.127001 139.050003
35.092999 16.379000 139.863007
33.548000 16.039000 138.977997
33.898998 14.421000 138.287003
39.327999 17.205000 138.255997
40.386002 17.789000 137.423004
39.890999 18.450001 136.132004
38.997002 17.941000 135.455994
41.431999 16.730000 137.065994
42.541000 17.261000 136.179001
43.549000 18.077000 136.695007
42.556999 16.983999 134.809006
44.547001 18.607000 135.865997
43.548000 17.509001 133.973007
44.536999 18.319000 134.507996
45.499001 18.848000 133.679001
40.495998 19.583000 135.794998
40.154999 20.320000 134.582001
41.316002 21.240999 134.201004
41.661999 22.146999 134.960007
38.890999 21.136999 134.809006
41.916000 21.016001 133.029999
43.036999 21.847000 132.587006
42.612000 23.261000 132.225998
41.516998 23.474001 131.723007
43.761002 21.219000 131.386993
44.870998 22.084999 130.837006
44.634998 22.966999 129.783005
46.130001 22.075001 131.427002
45.636002 23.827999 129.334000
47.138000 22.933001 130.985992
46.889999 23.811001 129.940994
43.488998 24.226000 132.479996
43.193001 25.618000 132.169998
44.470001 26.415001 131.960007
45.514999 26.082001 132.514999
42.376999 26.297001 133.309006
43.132000 26.236000 134.638000
42.153000 27.674000 132.979004
44.375999 27.458000 131.143005
45.505001 28.337999 130.876999
45.237000 29.605000 131.679993
44.132999 29.792999 132.186005
45.592999 28.670000 129.384003
45.966999 27.493000 128.490005
46.103001 27.888000 127.024002
45.082001 28.268999 126.410004
47.235001 27.822001 126.487999
46.234001 30.471001 131.800003
46.041000 31.691999 132.561005
46.066002 31.427999 134.057007
46.241001 30.281000 134.475006
45.887001 32.467999 134.893005
45.888000 32.362999 136.360992
44.969002 31.257999 136.882004
43.769001 31.247999 136.604996
45.444000 33.752998 136.806000
44.594002 34.223999 135.654999
45.426998 33.803001 134.473007
45.533001 30.312000 137.647995
44.842999 29.160000 138.246002
43.869999 29.482000 139.380997
42.785999 28.891001 139.475006
45.997002 28.284000 138.746994
47.172001 28.722000 137.929993
46.984001 30.207001 137.865997
44.271000 30.405001 140.250000
43.456001 30.778000 141.401001
42.207001 31.587999 141.084000
42.271000 32.660999 140.479004
44.299999 31.549999 142.419006
45.449001 30.792999 143.080002
46.049000 31.650999 144.190002
44.933998 29.481001 143.649002
41.063999 31.063999 141.505005
39.811001 31.760000 141.298996
39.612999 32.669998 142.507004
40.151001 32.400002 143.587997
38.661999 30.761000 141.190994
37.332001 31.403999 140.962997
36.589001 31.541000 139.837997
36.625999 32.030998 141.966995
35.504002 32.523998 141.472000
35.459000 32.241001 140.182007
38.859001 33.750999 142.330002
38.626999 34.678001 143.427994
38.062000 33.973000 144.658005
38.150002 34.491001 145.766998
37.716999 35.821999 142.972000
38.355000 36.667999 141.865005
37.589001 37.956001 141.584000
38.320000 38.811001 140.548996
37.720001 40.171001 140.380005
37.500999 32.783001 144.460007
36.964001 31.997999 145.565002
38.126999 31.365000 146.337006
38.102001 31.288000 147.570999
36.032001 30.905001 145.037994
35.520000 29.999001 146.138000
36.053001 28.882000 146.285995
34.592999 30.408001 146.865997
39.144001 30.915001 145.600998
40.324001 30.305000 146.203995
41.088001 31.354000 147.007004
41.591000 31.077000 148.098007
41.257999 29.737000 145.128006
40.608002 28.653000 144.292999
40.085999 27.671000 144.867996
40.632000 28.778999 143.050003
41.178001 32.560001 146.459000
41.893002 33.637001 147.126999
41.202999 34.050999 148.425995
41.869999 34.444000 149.391998
42.018002 34.862999 146.209000
42.849998 35.938999 146.886993
42.653999 34.453999 144.893005
39.872002 33.964001 148.445007
39.103001 34.323002 149.632996
39.341000 33.308998 150.731995
39.655998 33.665001 151.863007
37.602001 34.372002 149.330994
37.199001 35.606998 148.563995
36.181999 35.471001 147.720993
37.778000 36.681000 148.742996
39.176998 32.037998 150.391006
39.373001 30.980000 151.363998
40.737000 31.014999 152.029999
40.851002 30.820999 153.240997
41.778000 31.268999 151.246002
43.125000 31.305000 151.796005
43.317001 32.597000 152.587006
44.034000 32.625000 153.587997
44.195000 31.186001 150.666000
45.546001 30.783001 151.261993
44.318001 32.487999 149.912994
45.557999 29.372999 151.852997
42.653999 33.658001 152.134003
42.724998 34.966999 152.781998
42.006001 34.908001 154.128006
42.320000 35.666000 155.046997
42.048000 36.029999 151.908997
42.937000 37.185001 151.470993
43.845001 36.769001 150.334000
44.726002 37.849998 149.901001
44.306000 38.991001 149.362000
43.008999 39.210999 149.186005
45.188000 39.910000 148.988007
41.033001 34.004002 154.220993
40.235001 33.818001 155.427994
41.028999 33.144001 156.537994
40.834999 33.448002 157.712997
38.997002 32.972000 155.112000
38.118000 32.713001 156.296997
37.905998 31.587999 157.022003
37.331001 33.689999 156.871002
36.673000 33.178001 157.895996
37.005001 31.903999 158.009995
41.924000 32.233002 156.158005
42.747002 31.495001 157.117996
44.012001 32.231998 157.548004
44.367001 32.217999 158.720993
43.136002 30.124001 156.542007
42.020000 29.121000 156.223999
42.599998 27.921000 155.494003
41.337002 28.676001 157.507004
44.693001 32.872002 156.604996
45.931999 33.581001 156.919998
45.855000 35.082001 156.658997
46.800999 35.793999 157.063004
47.105000 32.984001 156.123001
47.261002 31.490000 156.300003
46.613998 30.596001 155.445999
48.004002 30.968000 157.365997
46.695000 29.215000 155.649002
48.091999 29.591999 157.578003
47.432999 28.721001 156.718002
47.495998 27.360001 156.932007
44.863998 35.527000 156.044006
71.413002 25.139999 121.665001
63.106998 15.170000 103.757004
67.686996 17.476000 126.440002
57.389000 24.336000 131.007996
65.322998 29.139999 114.073997
65.267998 30.025999 116.452003
67.389000 31.754000 119.271004
66.274002 30.187000 117.628998
66.882004 29.180000 118.067001
64.018997 29.134001 116.841003
68.278999 33.067001 118.969002
63.037998 29.608000 117.942001
69.263000 33.407001 120.153000
69.119003 32.882999 117.677002
67.424004 34.373001 118.736000
62.294998 30.885000 117.487999
61.951000 28.563999 118.122002
64.850998 27.958000 113.672997
64.212997 27.792999 112.689003
66.093002 29.344000 115.297997
66.349998 31.136999 122.996002
65.083000 30.177000 113.358002
66.490997 31.847000 120.585999
66.449997 31.427999 118.130997
65.405998 32.467999 120.588997
67.002998 31.195999 121.667000
63.266998 29.950001 112.382004
70.728996 19.617001 111.672997
41.603001 20.860001 107.667000
45.250000 7.241000 139.947998
54.013000 17.086000 157.485992
54.046001 8.303000 135.826996
50.701000 18.541000 128.694000
53.492001 38.165001 150.097000
41.894001 15.346000 145.440994
41.286999 15.047000 142.944000
39.557999 12.636000 140.307007
41.103001 13.852000 141.934998
42.049000 13.051000 141.731995
42.395000 16.087999 142.485992
38.063999 12.068000 140.550003
42.202000 16.892000 141.164001
37.671001 10.934000 139.533997
37.917999 11.501000 141.990997
36.936001 13.161000 140.404007
40.987999 17.843000 141.281998
43.396999 17.813000 140.945007
43.101002 15.578000 145.981995
43.304001 16.343000 146.865005
41.674000 14.384000 144.328003
40.751999 12.702000 136.572998
40.877998 16.003000 145.917007
39.789001 13.241000 138.843002
39.910000 13.731000 141.311996
39.414001 14.401000 138.550003
40.416000 12.393000 137.981003
41.275002 17.840000 146.537003
49.675999 8.887000 150.296005
56.994999 17.921000 96.139999
56.869999 18.582001 90.415001
50.921001 22.489000 96.418999
52.957001 12.041000 116.137001
49.226002 13.404000 112.556000
60.169998 4.215000 113.980003
58.587002 7.014000 115.292000
65.294998 7.257000 120.404999
57.979000 5.727000 117.915001
61.756001 9.877000 125.514999
58.453999 6.855000 127.070999
50.275002 10.441000 122.476997
55.278000 7.063000 126.542999
45.881001 15.698000 122.389000
52.144001 16.493999 124.474998
48.380001 16.148001 113.137001
47.341000 22.271000 121.210999
51.666000 21.908001 124.829002
45.806000 26.797001 113.582001
47.042999 17.179001 110.619003
41.594002 23.566999 106.694000
43.960999 20.340000 105.824997
49.363998 12.911000 104.334999
49.176998 9.855000 111.407997
57.185001 8.107000 113.191002
51.252998 9.646000 116.663002
56.922001 8.730000 101.984001
63.090000 12.420000 103.873001
59.941002 14.152000 100.156998
56.901001 12.608000 98.500000
70.117996 14.389000 108.155998
73.851997 13.594000 117.386002
74.083000 20.414000 120.913002
76.248001 14.005000 117.779999
71.698997 14.944000 110.280998
78.431999 18.341000 111.529999
75.605003 18.864000 112.249001
65.759003 26.750999 110.353996
61.911999 15.434000 101.221001
64.469002 12.077000 98.818001
67.364998 14.751000 108.625000
65.856003 12.461000 105.207001
67.628998 24.639000 127.665001
53.389000 24.882999 133.848007
51.612999 25.829000 131.529999
50.505001 31.197001 136.475006
59.242001 23.420000 132.602005
64.674004 28.351999 131.417999
66.158997 25.938999 129.658997
58.837002 25.316999 128.951996
53.372002 24.643999 125.318001
62.131001 28.235001 104.516998
56.644001 33.926998 107.570999
56.827999 39.659000 107.746002
58.791000 32.738998 117.543999
66.292000 32.681999 114.288002
52.848999 33.405998 118.491997
56.442001 35.249001 118.351997
59.332001 33.792999 126.661003
46.526001 37.509998 114.769997
54.832001 34.702999 109.519997
45.873001 28.448000 97.476997
52.105999 25.451000 162.757004
51.102001 26.318001 167.875000
47.734001 34.008999 159.841003
60.317001 27.514000 146.860992
61.472000 23.563000 144.309006
66.399002 14.925000 149.889008
64.849998 17.232000 147.313004
60.964001 7.915000 148.509995
61.355999 7.072000 144.041000
62.401001 12.111000 136.744995
56.085999 6.461000 135.384995
66.978996 17.778999 135.834000
64.532997 23.652000 138.613007
60.935001 29.268999 136.384995
58.299999 23.513000 135.522003
58.244999 29.246000 145.388000
53.514000 30.754000 139.863998
53.452999 29.740999 136.903000
48.563999 34.049000 142.813004
56.949001 31.429001 147.112000
52.272999 39.562000 147.763000
54.578999 35.721001 151.192001
58.105000 32.269001 149.264008
59.625000 29.594000 154.496994
63.744999 27.746000 148.959000
63.911999 24.339001 144.016998
63.773998 19.112000 148.869995
65.313004 13.049000 157.091995
60.965000 22.490999 159.169006
56.540001 16.674999 157.925995
66.200996 11.386000 155.250000
54.529999 9.056000 154.662994
55.036999 3.104000 145.929001
53.995998 0.840000 145.921997
56.077999 0.717000 148.546997
53.679001 7.411000 152.677994
49.723999 1.457000 152.162994
49.326000 3.982000 150.548004
46.202000 0.833000 136.125000
38.602001 9.525000 136.214996
54.022999 18.711000 159.705994
55.862999 15.629000 163.759995
52.591000 10.981000 161.535995
55.862000 13.242000 157.044998
54.340000 11.753000 153.785995
48.870998 4.037000 141.580002
47.215000 9.463000 133.451004
47.007999 25.476999 120.702003
50.264000 24.639000 126.956001
46.667999 19.139999 128.889008
45.122002 15.259000 128.544998
51.570000 16.587999 127.128998
45.451000 12.416000 128.248001
40.063999 12.132000 132.917007
50.540001 23.541000 133.214996
45.448002 17.802000 130.938004
32.585999 28.259001 147.755005
45.078999 38.240002 157.287994
