2.103868 -1.262473 1.280835
2.027857 1.559065 -0.692371
-0.820371 1.477306 2.609711
-0.587013 2.218909 2.230722
-1.307615 2.392198 1.090840
-0.475631 -0.346551 -2.739496
-1.369821 2.378137 1.324198
-2.492481 1.181897 -0.263759
-2.478656 -1.039662 -1.925284
-0.288782 4.433312 -0.040046
2.671808 2.422906 -1.973517
3.371073 1.530636 -1.358996
3.499464 1.154383 -1.286164
3.376221 -0.039854 2.618434
2.592997 -1.409035 -1.374258
2.753940 -2.594027 -1.364667
1.789984 -2.120325 -1.400893
1.008064 -2.096971 2.831243
1.067158 -2.784228 1.867112
-0.508562 -2.873781 -1.861442
-0.137230 -2.989607 2.473282
-3.040757 -0.997214 -1.997769
